COMENT1                 : Automatic Generated Grid Data File
COMENT2                 : Based On C:\aplica\France\Loire\General Data\Digital Terrain\Loire_L2.dat
 
 
 ILB_IUB    : 1 42
 JLB_JUB    : 1 81
 COORD_TIP  : 4
 ORIGIN     : -4.13720000000000 46.2376000000000
 GRID_ANGLE : 0.00000000000000
 LATITUDE   : 46.9376000000000
 LONGITUDE  : -2.63720000000000
 FILL_VALUE : -99.0000000000000
 
 
 <BeginXX>
 0.00000000000000
 4.000000000000000E-002
 8.000000000000000E-002
 0.120000000000000
 0.160000000000000
 0.200000000000000
 0.240000000000000
 0.280000000000000
 0.320000000000000
 0.360000000000000
 0.400000000000000
 0.440000000000000
 0.480000000000000
 0.520000000000000
 0.560000000000000
 0.600000000000000
 0.640000000000000
 0.680000000000000
 0.720000000000000
 0.760000000000000
 0.800000000000000
 0.840000000000000
 0.880000000000000
 0.920000000000000
 0.960000000000000
 1.00000000000000
 1.04000000000000
 1.08000000000000
 1.12000000000000
 1.16000000000000
 1.20000000000000
 1.24000000000000
 1.28000000000000
 1.32000000000000
 1.36000000000000
 1.40000000000000
 1.44000000000000
 1.48000000000000
 1.52000000000000
 1.56000000000000
 1.60000000000000
 1.64000000000000
 1.68000000000000
 1.72000000000000
 1.76000000000000
 1.80000000000000
 1.84000000000000
 1.88000000000000
 1.92000000000000
 1.96000000000000
 2.00000000000000
 2.04000000000000
 2.08000000000000
 2.12000000000000
 2.16000000000000
 2.20000000000000
 2.24000000000000
 2.28000000000000
 2.32000000000000
 2.36000000000000
 2.40000000000000
 2.44000000000000
 2.48000000000000
 2.52000000000000
 2.56000000000000
 2.60000000000000
 2.64000000000000
 2.68000000000000
 2.72000000000000
 2.76000000000000
 2.80000000000000
 2.84000000000000
 2.88000000000000
 2.92000000000000
 2.96000000000000
 3.00000000000000
 3.04000000000000
 3.08000000000000
 3.12000000000000
 3.16000000000000
 3.20000000000000
 3.24000000000000
 <EndXX>
 <BeginYY>
 0.00000000000000
 3.999999999999910E-002
 7.999999999999820E-002
 0.119999999999997
 0.159999999999996
 0.199999999999995
 0.239999999999995
 0.279999999999994
 0.319999999999993
 0.359999999999992
 0.399999999999991
 0.439999999999990
 0.479999999999989
 0.519999999999988
 0.559999999999987
 0.599999999999987
 0.639999999999986
 0.679999999999985
 0.719999999999984
 0.759999999999983
 0.799999999999982
 0.839999999999981
 0.879999999999981
 0.919999999999980
 0.959999999999979
 0.999999999999978
 1.03999999999998
 1.07999999999998
 1.11999999999998
 1.15999999999997
 1.19999999999997
 1.23999999999997
 1.27999999999997
 1.31999999999997
 1.35999999999997
 1.39999999999997
 1.43999999999997
 1.47999999999997
 1.51999999999997
 1.55999999999997
 1.59999999999997
 1.63999999999996
 1.67999999999996
 <EndYY>
 <BeginGridData2D>
 165.020000000000
 165.020000000000
 153.210000000000
 148.400000000000
 145.620000000000
 142.140000000000
 140.930000000000
 140.910000000000
 138.680000000000
 138.360000000000
 137.310000000000
 136.060000000000
 134.020000000000
 132.050000000000
 130.560000000000
 128.690000000000
 127.870000000000
 126.400000000000
 125.600000000000
 125.030000000000
 123.910000000000
 122.740000000000
 120.500000000000
 119.190000000000
 118.090000000000
 116.300000000000
 115.620000000000
 114.020000000000
 112.140000000000
 110.210000000000
 108.340000000000
 106.680000000000
 104.190000000000
 101.450000000000
 97.3500000000000
 94.2600000000000
 91.4400000000000
 84.1600000000000
 75.7200000000000
 68.2400000000000
 64.5800000000000
 61.9200000000000
 57.7100000000000
 53.0500000000000
 51.2200000000000
 48.4400000000000
 44.7300000000000
 43.2700000000000
 42.6400000000000
 42.7700000000000
 42.7700000000000
 42.3400000000000
 41.7100000000000
 40.7400000000000
 39.3800000000000
 37.5000000000000
 34.8800000000000
 31.7000000000000
 28.5800000000000
 25.4700000000000
 22.9700000000000
 18.4000000000000
 13.5100000000000
 9.30000000000000
 8.62000000000000
 -99.0000000000000
 12.2600000000000
 12.3000000000000
 12.3000000000000
 9.68000000000000
 7.03000000000000
 4.71000000000000
 2.93000000000000
 -99.0000000000000
 -99.0000000000000
 -99.0000000000000
 -99.0000000000000
 -99.0000000000000
 -99.0000000000000
 -99.0000000000000
 -99.0000000000000
 163.490000000000
 153.970000000000
 148.260000000000
 145.620000000000
 143.940000000000
 142.140000000000
 140.920000000000
 139.320000000000
 138.600000000000
 137.980000000000
 137.150000000000
 135.890000000000
 134.110000000000
 131.570000000000
 128.480000000000
 126.830000000000
 125.500000000000
 125.410000000000
 124.860000000000
 123.550000000000
 122.640000000000
 121.730000000000
 119.190000000000
 118.070000000000
 116.490000000000
 113.850000000000
 112.820000000000
 112.390000000000
 111.190000000000
 109.740000000000
 106.340000000000
 104.740000000000
 102.330000000000
 98.5300000000000
 92.8600000000000
 92.1000000000000
 88.4800000000000
 84.0300000000000
 79.1400000000000
 74.1200000000000
 68.7400000000000
 63.4900000000000
 58.6400000000000
 53.9400000000000
 50.6600000000000
 47.8700000000000
 45.3300000000000
 43.4100000000000
 41.7800000000000
 41.2200000000000
 40.5900000000000
 39.7100000000000
 39.3000000000000
 38.6800000000000
 36.3000000000000
 34.6800000000000
 31.7000000000000
 28.5200000000000
 24.9900000000000
 22.0500000000000
 20.4000000000000
 16.3800000000000
 14.8500000000000
 16.1300000000000
 16.2600000000000
 16.2600000000000
 14.5800000000000
 9.86000000000000
 7.36000000000000
 5.74000000000000
 3.69000000000000
 -99.0000000000000
 -99.0000000000000
 -99.0000000000000
 -99.0000000000000
 -99.0000000000000
 -99.0000000000000
 -99.0000000000000
 -99.0000000000000
 -99.0000000000000
 -99.0000000000000
 152.860000000000
 148.330000000000
 145.490000000000
 143.770000000000
 142.000000000000
 141.020000000000
 139.360000000000
 138.690000000000
 138.170000000000
 136.710000000000
 136.320000000000
 134.020000000000
 133.150000000000
 130.280000000000
 127.540000000000
 126.450000000000
 124.180000000000
 119.190000000000
 123.360000000000
 123.120000000000
 121.300000000000
 119.190000000000
 119.190000000000
 117.440000000000
 115.810000000000
 114.420000000000
 113.040000000000
 111.230000000000
 109.580000000000
 107.750000000000
 104.770000000000
 102.650000000000
 99.8200000000000
 95.5800000000000
 89.6100000000000
 89.0800000000000
 86.2200000000000
 81.9600000000000
 77.7300000000000
 73.6900000000000
 68.8800000000000
 63.5100000000000
 59.1900000000000
 55.3400000000000
 51.9300000000000
 48.7500000000000
 45.7200000000000
 43.1600000000000
 41.4200000000000
 40.5200000000000
 37.8900000000000
 36.0100000000000
 35.1500000000000
 34.6900000000000
 33.4300000000000
 31.5600000000000
 28.9100000000000
 25.5900000000000
 22.5500000000000
 20.4100000000000
 19.3800000000000
 17.7400000000000
 16.6900000000000
 16.0900000000000
 15.0100000000000
 12.1000000000000
 8.68000000000000
 -99.0000000000000
 -99.0000000000000
 -99.0000000000000
 -99.0000000000000
 -99.0000000000000
 -99.0000000000000
 -99.0000000000000
 -99.0000000000000
 -99.0000000000000
 -99.0000000000000
 -99.0000000000000
 -99.0000000000000
 -99.0000000000000
 -99.0000000000000
 149.550000000000
 146.840000000000
 144.040000000000
 142.140000000000
 140.940000000000
 140.200000000000
 139.310000000000
 137.700000000000
 137.600000000000
 136.570000000000
 135.410000000000
 133.300000000000
 131.460000000000
 129.150000000000
 125.430000000000
 123.750000000000
 122.990000000000
 122.580000000000
 121.260000000000
 118.350000000000
 118.760000000000
 118.960000000000
 116.830000000000
 115.260000000000
 113.990000000000
 113.010000000000
 111.480000000000
 109.990000000000
 107.600000000000
 105.610000000000
 103.410000000000
 100.260000000000
 98.1300000000000
 92.9300000000000
 87.2300000000000
 86.0300000000000
 82.8300000000000
 80.0600000000000
 76.4300000000000
 72.1300000000000
 67.3300000000000
 62.8600000000000
 59.1100000000000
 55.4000000000000
 52.1700000000000
 48.7500000000000
 45.5700000000000
 42.8900000000000
 41.0600000000000
 39.8100000000000
 37.0200000000000
 35.9100000000000
 34.5500000000000
 32.9800000000000
 30.6800000000000
 28.4400000000000
 26.0400000000000
 23.2200000000000
 20.8300000000000
 19.2300000000000
 18.0300000000000
 16.3700000000000
 14.5800000000000
 13.8800000000000
 11.7700000000000
 9.92000000000000
 -99.0000000000000
 -99.0000000000000
 -99.0000000000000
 -99.0000000000000
 -99.0000000000000
 -99.0000000000000
 -99.0000000000000
 -99.0000000000000
 -99.0000000000000
 -99.0000000000000
 -99.0000000000000
 -99.0000000000000
 -99.0000000000000
 -99.0000000000000
 -99.0000000000000
 146.580000000000
 144.890000000000
 143.810000000000
 142.140000000000
 140.720000000000
 138.440000000000
 137.360000000000
 137.090000000000
 136.960000000000
 135.650000000000
 133.520000000000
 132.070000000000
 130.270000000000
 127.640000000000
 124.960000000000
 123.190000000000
 121.110000000000
 119.190000000000
 119.190000000000
 119.190000000000
 118.140000000000
 117.310000000000
 116.320000000000
 114.810000000000
 112.810000000000
 110.190000000000
 108.300000000000
 107.700000000000
 105.850000000000
 104.750000000000
 103.030000000000
 99.5800000000000
 95.1500000000000
 90.2400000000000
 85.3900000000000
 83.1300000000000
 80.2100000000000
 76.9200000000000
 74.1400000000000
 70.8500000000000
 65.9100000000000
 61.3000000000000
 58.1200000000000
 54.1200000000000
 51.1500000000000
 47.9300000000000
 45.2400000000000
 42.6100000000000
 40.7700000000000
 39.5200000000000
 37.1600000000000
 35.7300000000000
 33.6400000000000
 31.7000000000000
 29.1000000000000
 26.4500000000000
 24.1400000000000
 21.7600000000000
 19.6500000000000
 18.0200000000000
 16.4700000000000
 13.7400000000000
 -99.0000000000000
 -99.0000000000000
 -99.0000000000000
 -99.0000000000000
 -99.0000000000000
 -99.0000000000000
 -99.0000000000000
 -99.0000000000000
 -99.0000000000000
 -99.0000000000000
 -99.0000000000000
 -99.0000000000000
 -99.0000000000000
 -99.0000000000000
 -99.0000000000000
 -99.0000000000000
 -99.0000000000000
 -99.0000000000000
 -99.0000000000000
 145.530000000000
 143.610000000000
 141.450000000000
 140.330000000000
 138.780000000000
 137.530000000000
 136.750000000000
 136.100000000000
 135.180000000000
 134.530000000000
 131.910000000000
 129.640000000000
 128.080000000000
 126.840000000000
 123.800000000000
 121.880000000000
 121.580000000000
 120.710000000000
 119.190000000000
 117.210000000000
 115.840000000000
 116.630000000000
 115.310000000000
 113.270000000000
 111.810000000000
 110.790000000000
 108.830000000000
 106.430000000000
 104.620000000000
 102.440000000000
 100.260000000000
 96.9100000000000
 92.7400000000000
 87.9400000000000
 83.6600000000000
 80.8600000000000
 77.6700000000000
 74.3900000000000
 71.2300000000000
 67.8700000000000
 64.7000000000000
 60.3000000000000
 56.5400000000000
 52.7200000000000
 49.7300000000000
 46.8600000000000
 43.9800000000000
 42.0700000000000
 40.3800000000000
 39.0200000000000
 36.6800000000000
 33.7900000000000
 31.7000000000000
 29.1700000000000
 27.1200000000000
 25.1600000000000
 23.1400000000000
 20.5800000000000
 18.3500000000000
 15.6200000000000
 -99.0000000000000
 -99.0000000000000
 -99.0000000000000
 -99.0000000000000
 -99.0000000000000
 -99.0000000000000
 -99.0000000000000
 -99.0000000000000
 -99.0000000000000
 -99.0000000000000
 -99.0000000000000
 -99.0000000000000
 -99.0000000000000
 -99.0000000000000
 -99.0000000000000
 -99.0000000000000
 -99.0000000000000
 -99.0000000000000
 -99.0000000000000
 -99.0000000000000
 -99.0000000000000
 143.590000000000
 142.140000000000
 140.200000000000
 138.740000000000
 138.450000000000
 136.180000000000
 134.010000000000
 135.010000000000
 134.640000000000
 133.300000000000
 131.560000000000
 129.620000000000
 127.490000000000
 126.740000000000
 124.700000000000
 122.830000000000
 121.010000000000
 119.190000000000
 119.190000000000
 117.630000000000
 116.000000000000
 114.970000000000
 113.870000000000
 112.720000000000
 110.930000000000
 108.860000000000
 107.530000000000
 105.580000000000
 102.940000000000
 100.260000000000
 97.7600000000000
 94.0500000000000
 90.0900000000000
 85.9700000000000
 82.0700000000000
 79.1700000000000
 75.9800000000000
 72.3800000000000
 68.8000000000000
 65.5000000000000
 62.2100000000000
 59.3900000000000
 56.1400000000000
 52.1200000000000
 48.6000000000000
 45.4900000000000
 43.4000000000000
 41.3000000000000
 39.3200000000000
 37.8500000000000
 35.3900000000000
 32.8000000000000
 30.3500000000000
 28.2200000000000
 25.8800000000000
 23.5400000000000
 21.1400000000000
 15.8000000000000
 -99.0000000000000
 -99.0000000000000
 -99.0000000000000
 -99.0000000000000
 -99.0000000000000
 -99.0000000000000
 -99.0000000000000
 -99.0000000000000
 -99.0000000000000
 -99.0000000000000
 -99.0000000000000
 -99.0000000000000
 -99.0000000000000
 -99.0000000000000
 -99.0000000000000
 -99.0000000000000
 -99.0000000000000
 -99.0000000000000
 -99.0000000000000
 -99.0000000000000
 -99.0000000000000
 -99.0000000000000
 -99.0000000000000
 141.860000000000
 141.540000000000
 140.430000000000
 138.770000000000
 138.210000000000
 135.460000000000
 134.750000000000
 134.120000000000
 133.120000000000
 131.300000000000
 131.090000000000
 129.740000000000
 128.480000000000
 126.760000000000
 125.070000000000
 123.630000000000
 122.010000000000
 119.190000000000
 118.680000000000
 116.720000000000
 114.340000000000
 112.750000000000
 110.680000000000
 110.480000000000
 109.450000000000
 106.910000000000
 105.320000000000
 103.630000000000
 100.260000000000
 98.2800000000000
 95.5100000000000
 91.6400000000000
 87.8300000000000
 83.7000000000000
 80.9200000000000
 77.3300000000000
 73.5900000000000
 70.5200000000000
 66.2900000000000
 63.3500000000000
 60.1700000000000
 57.1500000000000
 54.9100000000000
 51.2200000000000
 47.8400000000000
 44.8200000000000
 41.9800000000000
 39.9000000000000
 38.0200000000000
 35.4200000000000
 33.4100000000000
 30.9000000000000
 28.5400000000000
 26.2000000000000
 23.8800000000000
 21.1600000000000
 18.8400000000000
 13.4100000000000
 -99.0000000000000
 -99.0000000000000
 -99.0000000000000
 -99.0000000000000
 -99.0000000000000
 -99.0000000000000
 -99.0000000000000
 -99.0000000000000
 -99.0000000000000
 -99.0000000000000
 -99.0000000000000
 -99.0000000000000
 -99.0000000000000
 -99.0000000000000
 -99.0000000000000
 -99.0000000000000
 -99.0000000000000
 -99.0000000000000
 -99.0000000000000
 -99.0000000000000
 -99.0000000000000
 -99.0000000000000
 -99.0000000000000
 141.620000000000
 140.370000000000
 139.360000000000
 137.440000000000
 135.340000000000
 133.370000000000
 132.100000000000
 132.380000000000
 131.070000000000
 130.670000000000
 130.150000000000
 128.830000000000
 126.590000000000
 125.160000000000
 123.560000000000
 121.470000000000
 119.190000000000
 116.990000000000
 115.670000000000
 114.430000000000
 113.680000000000
 112.480000000000
 110.050000000000
 108.810000000000
 107.900000000000
 105.400000000000
 104.360000000000
 101.840000000000
 99.6000000000000
 96.3900000000000
 93.1000000000000
 88.8900000000000
 84.3900000000000
 82.1000000000000
 78.2400000000000
 74.8000000000000
 70.4600000000000
 67.8300000000000
 64.1800000000000
 60.3000000000000
 57.7900000000000
 55.1100000000000
 52.6200000000000
 48.9000000000000
 45.4400000000000
 42.2200000000000
 39.6500000000000
 37.6200000000000
 34.5200000000000
 30.5500000000000
 28.3300000000000
 27.9900000000000
 25.8700000000000
 23.6500000000000
 21.5400000000000
 18.5200000000000
 14.5800000000000
 -99.0000000000000
 -99.0000000000000
 -99.0000000000000
 -99.0000000000000
 -99.0000000000000
 -99.0000000000000
 -99.0000000000000
 -99.0000000000000
 -99.0000000000000
 -99.0000000000000
 -99.0000000000000
 -99.0000000000000
 -99.0000000000000
 -99.0000000000000
 -99.0000000000000
 -99.0000000000000
 -99.0000000000000
 -99.0000000000000
 -99.0000000000000
 -99.0000000000000
 -99.0000000000000
 -99.0000000000000
 -99.0000000000000
 -99.0000000000000
 139.320000000000
 140.200000000000
 138.800000000000
 136.350000000000
 135.050000000000
 133.670000000000
 132.400000000000
 131.440000000000
 129.130000000000
 127.070000000000
 126.170000000000
 125.470000000000
 123.740000000000
 122.540000000000
 119.190000000000
 118.350000000000
 117.980000000000
 117.410000000000
 117.260000000000
 114.650000000000
 113.380000000000
 111.740000000000
 108.740000000000
 106.860000000000
 106.490000000000
 104.080000000000
 101.970000000000
 100.140000000000
 97.4900000000000
 93.6600000000000
 89.8500000000000
 86.1100000000000
 82.4700000000000
 79.0300000000000
 75.5500000000000
 71.3100000000000
 68.6700000000000
 65.2100000000000
 61.4300000000000
 58.2200000000000
 55.4800000000000
 51.9400000000000
 48.4800000000000
 45.0900000000000
 42.1200000000000
 39.3100000000000
 36.2500000000000
 33.7400000000000
 30.1200000000000
 27.0800000000000
 24.7200000000000
 24.8400000000000
 23.2400000000000
 21.2900000000000
 19.1100000000000
 16.2800000000000
 -99.0000000000000
 -99.0000000000000
 -99.0000000000000
 -99.0000000000000
 -99.0000000000000
 -99.0000000000000
 -99.0000000000000
 -99.0000000000000
 -99.0000000000000
 -99.0000000000000
 -99.0000000000000
 -99.0000000000000
 -99.0000000000000
 -99.0000000000000
 -99.0000000000000
 -99.0000000000000
 -99.0000000000000
 -99.0000000000000
 -99.0000000000000
 -99.0000000000000
 -99.0000000000000
 -99.0000000000000
 -99.0000000000000
 -99.0000000000000
 -99.0000000000000
 138.170000000000
 138.410000000000
 137.020000000000
 135.320000000000
 132.880000000000
 131.880000000000
 131.230000000000
 129.690000000000
 128.010000000000
 127.060000000000
 125.320000000000
 124.790000000000
 124.410000000000
 123.260000000000
 121.830000000000
 120.630000000000
 119.190000000000
 117.690000000000
 116.160000000000
 114.330000000000
 112.310000000000
 110.990000000000
 109.260000000000
 106.300000000000
 104.280000000000
 102.790000000000
 99.5900000000000
 96.9500000000000
 93.6100000000000
 89.7500000000000
 86.5000000000000
 83.3300000000000
 79.7200000000000
 75.9700000000000
 72.2300000000000
 68.5900000000000
 65.1600000000000
 61.5600000000000
 58.5000000000000
 54.7000000000000
 51.2200000000000
 47.8700000000000
 44.5600000000000
 39.9200000000000
 35.3200000000000
 31.6100000000000
 29.1600000000000
 27.5600000000000
 25.9200000000000
 23.9600000000000
 22.0800000000000
 20.7500000000000
 19.6700000000000
 17.9400000000000
 15.7400000000000
 -99.0000000000000
 -99.0000000000000
 -99.0000000000000
 -99.0000000000000
 -99.0000000000000
 -99.0000000000000
 -99.0000000000000
 -99.0000000000000
 -99.0000000000000
 -99.0000000000000
 -99.0000000000000
 -99.0000000000000
 -99.0000000000000
 -99.0000000000000
 -99.0000000000000
 -99.0000000000000
 -99.0000000000000
 -99.0000000000000
 -99.0000000000000
 -99.0000000000000
 -99.0000000000000
 -99.0000000000000
 -99.0000000000000
 -99.0000000000000
 -99.0000000000000
 -99.0000000000000
 137.320000000000
 136.730000000000
 134.760000000000
 133.460000000000
 132.290000000000
 131.770000000000
 130.730000000000
 129.190000000000
 127.600000000000
 126.410000000000
 125.080000000000
 123.440000000000
 122.410000000000
 120.900000000000
 119.010000000000
 117.590000000000
 115.980000000000
 114.090000000000
 112.370000000000
 111.180000000000
 109.440000000000
 107.300000000000
 105.470000000000
 104.230000000000
 101.490000000000
 98.8100000000000
 96.7300000000000
 93.7500000000000
 90.2500000000000
 86.0000000000000
 82.7200000000000
 78.9600000000000
 75.2900000000000
 71.3100000000000
 68.5600000000000
 65.4300000000000
 62.1200000000000
 58.0700000000000
 53.9800000000000
 50.6200000000000
 47.2000000000000
 43.1900000000000
 38.2800000000000
 30.1900000000000
 26.4000000000000
 19.2400000000000
 16.5200000000000
 18.4100000000000
 19.3200000000000
 18.3700000000000
 15.6000000000000
 15.0200000000000
 14.8800000000000
 13.0500000000000
 -99.0000000000000
 -99.0000000000000
 -99.0000000000000
 -99.0000000000000
 -99.0000000000000
 -99.0000000000000
 -99.0000000000000
 -99.0000000000000
 -99.0000000000000
 -99.0000000000000
 -99.0000000000000
 -99.0000000000000
 -99.0000000000000
 -99.0000000000000
 -99.0000000000000
 -99.0000000000000
 -99.0000000000000
 -99.0000000000000
 -99.0000000000000
 -99.0000000000000
 -99.0000000000000
 -99.0000000000000
 -99.0000000000000
 -99.0000000000000
 -99.0000000000000
 -99.0000000000000
 -99.0000000000000
 135.940000000000
 134.460000000000
 133.060000000000
 132.480000000000
 131.090000000000
 130.040000000000
 128.930000000000
 127.370000000000
 125.420000000000
 123.220000000000
 121.110000000000
 119.190000000000
 119.190000000000
 119.190000000000
 117.930000000000
 116.690000000000
 114.940000000000
 113.120000000000
 111.940000000000
 110.570000000000
 108.780000000000
 106.840000000000
 104.130000000000
 101.890000000000
 99.0500000000000
 95.2500000000000
 92.4300000000000
 88.7900000000000
 83.8700000000000
 79.9000000000000
 76.7900000000000
 74.1200000000000
 70.1300000000000
 66.9300000000000
 64.2200000000000
 61.5700000000000
 58.2500000000000
 54.3300000000000
 51.2200000000000
 47.6100000000000
 43.1900000000000
 38.3400000000000
 32.6800000000000
 22.5500000000000
 17.4300000000000
 14.4000000000000
 13.8700000000000
 12.3500000000000
 12.5800000000000
 12.3200000000000
 11.4500000000000
 10.8200000000000
 9.96000000000000
 -99.0000000000000
 -99.0000000000000
 -99.0000000000000
 -99.0000000000000
 -99.0000000000000
 -99.0000000000000
 -99.0000000000000
 -99.0000000000000
 -99.0000000000000
 -99.0000000000000
 -99.0000000000000
 -99.0000000000000
 -99.0000000000000
 -99.0000000000000
 -99.0000000000000
 -99.0000000000000
 -99.0000000000000
 -99.0000000000000
 -99.0000000000000
 -99.0000000000000
 -99.0000000000000
 -99.0000000000000
 -99.0000000000000
 -99.0000000000000
 -99.0000000000000
 -99.0000000000000
 -99.0000000000000
 -99.0000000000000
 134.530000000000
 131.810000000000
 129.810000000000
 129.930000000000
 129.430000000000
 128.620000000000
 127.410000000000
 126.200000000000
 124.810000000000
 122.930000000000
 120.780000000000
 119.170000000000
 118.320000000000
 118.600000000000
 117.200000000000
 115.880000000000
 114.060000000000
 111.790000000000
 109.710000000000
 108.860000000000
 106.350000000000
 103.480000000000
 100.260000000000
 97.4400000000000
 94.0000000000000
 90.3800000000000
 85.8300000000000
 81.3900000000000
 76.7100000000000
 73.4500000000000
 70.6800000000000
 68.7500000000000
 67.4200000000000
 64.9200000000000
 60.3000000000000
 56.9400000000000
 53.1600000000000
 50.0000000000000
 47.5700000000000
 44.0500000000000
 39.7500000000000
 34.1200000000000
 27.1800000000000
 23.2000000000000
 17.9600000000000
 14.9600000000000
 12.3500000000000
 9.51000000000000
 7.83000000000000
 7.48000000000000
 7.14000000000000
 -99.0000000000000
 -99.0000000000000
 -99.0000000000000
 -99.0000000000000
 -99.0000000000000
 -99.0000000000000
 -99.0000000000000
 -99.0000000000000
 -99.0000000000000
 -99.0000000000000
 -99.0000000000000
 -99.0000000000000
 -99.0000000000000
 -99.0000000000000
 -99.0000000000000
 -99.0000000000000
 -99.0000000000000
 -99.0000000000000
 -99.0000000000000
 -99.0000000000000
 -99.0000000000000
 -99.0000000000000
 -99.0000000000000
 -99.0000000000000
 -99.0000000000000
 -99.0000000000000
 -99.0000000000000
 -99.0000000000000
 -99.0000000000000
 -99.0000000000000
 133.420000000000
 131.660000000000
 129.470000000000
 127.670000000000
 126.840000000000
 126.090000000000
 124.500000000000
 124.600000000000
 123.460000000000
 121.490000000000
 119.190000000000
 117.650000000000
 117.090000000000
 116.150000000000
 115.190000000000
 113.050000000000
 111.090000000000
 109.100000000000
 108.110000000000
 105.410000000000
 102.960000000000
 100.260000000000
 96.5300000000000
 92.3600000000000
 88.0600000000000
 83.5500000000000
 79.6900000000000
 75.1700000000000
 69.9300000000000
 66.6400000000000
 64.0700000000000
 60.3000000000000
 61.1700000000000
 60.1900000000000
 57.5000000000000
 53.3500000000000
 50.2700000000000
 47.5800000000000
 44.1300000000000
 40.5400000000000
 34.5900000000000
 28.7500000000000
 23.8600000000000
 20.7900000000000
 17.2500000000000
 13.6000000000000
 10.1500000000000
 7.05000000000000
 4.58000000000000
 3.54000000000000
 -99.0000000000000
 -99.0000000000000
 -99.0000000000000
 -99.0000000000000
 -99.0000000000000
 -99.0000000000000
 -99.0000000000000
 -99.0000000000000
 -99.0000000000000
 -99.0000000000000
 -99.0000000000000
 -99.0000000000000
 -99.0000000000000
 -99.0000000000000
 -99.0000000000000
 -99.0000000000000
 -99.0000000000000
 -99.0000000000000
 -99.0000000000000
 -99.0000000000000
 -99.0000000000000
 -99.0000000000000
 -99.0000000000000
 -99.0000000000000
 -99.0000000000000
 -99.0000000000000
 -99.0000000000000
 -99.0000000000000
 -99.0000000000000
 -99.0000000000000
 -99.0000000000000
 131.130000000000
 130.290000000000
 128.470000000000
 126.400000000000
 124.830000000000
 123.820000000000
 123.160000000000
 121.650000000000
 120.920000000000
 119.190000000000
 118.230000000000
 115.920000000000
 114.660000000000
 113.120000000000
 112.080000000000
 111.050000000000
 109.090000000000
 107.400000000000
 105.690000000000
 103.840000000000
 100.130000000000
 96.8700000000000
 91.5600000000000
 85.8400000000000
 81.1100000000000
 77.3800000000000
 75.1200000000000
 68.9200000000000
 63.2400000000000
 59.4300000000000
 56.8500000000000
 55.4400000000000
 56.0800000000000
 55.3200000000000
 53.6700000000000
 51.1100000000000
 48.1300000000000
 44.9800000000000
 41.3900000000000
 35.6600000000000
 30.3900000000000
 26.9500000000000
 22.9700000000000
 19.5900000000000
 14.9000000000000
 11.4700000000000
 7.71000000000000
 5.49000000000000
 3.45000000000000
 -99.0000000000000
 -99.0000000000000
 -99.0000000000000
 -99.0000000000000
 -99.0000000000000
 -99.0000000000000
 -99.0000000000000
 -99.0000000000000
 -99.0000000000000
 -99.0000000000000
 -99.0000000000000
 -99.0000000000000
 -99.0000000000000
 -99.0000000000000
 -99.0000000000000
 -99.0000000000000
 -99.0000000000000
 -99.0000000000000
 -99.0000000000000
 -99.0000000000000
 -99.0000000000000
 -99.0000000000000
 -99.0000000000000
 -99.0000000000000
 -99.0000000000000
 -99.0000000000000
 -99.0000000000000
 -99.0000000000000
 -99.0000000000000
 -99.0000000000000
 -99.0000000000000
 -99.0000000000000
 129.870000000000
 128.840000000000
 127.710000000000
 125.950000000000
 123.920000000000
 122.960000000000
 122.270000000000
 121.180000000000
 119.190000000000
 117.370000000000
 115.870000000000
 114.320000000000
 112.780000000000
 111.870000000000
 111.830000000000
 111.120000000000
 108.100000000000
 106.330000000000
 104.530000000000
 101.600000000000
 98.6200000000000
 94.1800000000000
 89.3900000000000
 84.3900000000000
 80.4000000000000
 75.5500000000000
 71.3100000000000
 67.1900000000000
 63.1900000000000
 58.7200000000000
 55.6000000000000
 53.7000000000000
 52.1200000000000
 51.0100000000000
 49.6100000000000
 47.6500000000000
 45.2600000000000
 41.9300000000000
 37.0200000000000
 31.2800000000000
 26.4400000000000
 22.6400000000000
 19.9500000000000
 16.5400000000000
 13.4300000000000
 9.91000000000000
 6.66000000000000
 4.05000000000000
 2.63000000000000
 -99.0000000000000
 -99.0000000000000
 -99.0000000000000
 -99.0000000000000
 -99.0000000000000
 -99.0000000000000
 -99.0000000000000
 -99.0000000000000
 -99.0000000000000
 -99.0000000000000
 -99.0000000000000
 -99.0000000000000
 -99.0000000000000
 -99.0000000000000
 -99.0000000000000
 -99.0000000000000
 -99.0000000000000
 -99.0000000000000
 -99.0000000000000
 -99.0000000000000
 -99.0000000000000
 -99.0000000000000
 -99.0000000000000
 -99.0000000000000
 -99.0000000000000
 -99.0000000000000
 -99.0000000000000
 -99.0000000000000
 -99.0000000000000
 -99.0000000000000
 -99.0000000000000
 -99.0000000000000
 128.570000000000
 127.480000000000
 125.760000000000
 124.170000000000
 121.530000000000
 119.190000000000
 119.190000000000
 119.100000000000
 118.250000000000
 117.580000000000
 116.360000000000
 114.470000000000
 112.670000000000
 111.030000000000
 109.570000000000
 108.280000000000
 106.400000000000
 104.460000000000
 102.440000000000
 99.6700000000000
 96.5900000000000
 92.3900000000000
 87.6300000000000
 82.6200000000000
 78.0000000000000
 73.3100000000000
 68.7500000000000
 64.5800000000000
 60.0400000000000
 56.1800000000000
 53.2200000000000
 51.1200000000000
 49.3300000000000
 47.8100000000000
 45.6600000000000
 43.5200000000000
 41.0800000000000
 38.5500000000000
 35.0600000000000
 29.9700000000000
 25.0000000000000
 19.4900000000000
 14.5800000000000
 11.9400000000000
 9.92000000000000
 7.41000000000000
 4.63000000000000
 2.83000000000000
 2.00000000000000
 2.00000000000000
 2.00000000000000
 -99.0000000000000
 -99.0000000000000
 -99.0000000000000
 -99.0000000000000
 -99.0000000000000
 -99.0000000000000
 -99.0000000000000
 -99.0000000000000
 -99.0000000000000
 -99.0000000000000
 -99.0000000000000
 -99.0000000000000
 -99.0000000000000
 -99.0000000000000
 -99.0000000000000
 -99.0000000000000
 -99.0000000000000
 -99.0000000000000
 -99.0000000000000
 -99.0000000000000
 -99.0000000000000
 -99.0000000000000
 -99.0000000000000
 -99.0000000000000
 -99.0000000000000
 -99.0000000000000
 -99.0000000000000
 -99.0000000000000
 -99.0000000000000
 -99.0000000000000
 124.620000000000
 123.520000000000
 122.890000000000
 123.090000000000
 121.280000000000
 118.820000000000
 117.460000000000
 116.310000000000
 115.220000000000
 114.410000000000
 112.950000000000
 110.800000000000
 109.360000000000
 107.730000000000
 106.400000000000
 105.330000000000
 103.440000000000
 101.950000000000
 100.050000000000
 97.4500000000000
 94.4600000000000
 91.0300000000000
 86.6600000000000
 81.1800000000000
 76.4900000000000
 71.3100000000000
 67.1600000000000
 61.7700000000000
 56.6700000000000
 53.2000000000000
 51.0200000000000
 49.6000000000000
 48.0700000000000
 45.5900000000000
 42.5800000000000
 39.7400000000000
 36.6500000000000
 35.6100000000000
 33.3800000000000
 30.7100000000000
 25.6700000000000
 19.7300000000000
 15.1200000000000
 10.3700000000000
 6.55000000000000
 4.75000000000000
 2.96000000000000
 2.00000000000000
 2.00000000000000
 2.00000000000000
 2.00000000000000
 2.00000000000000
 -99.0000000000000
 -99.0000000000000
 -99.0000000000000
 -99.0000000000000
 -99.0000000000000
 -99.0000000000000
 -99.0000000000000
 -99.0000000000000
 -99.0000000000000
 -99.0000000000000
 -99.0000000000000
 -99.0000000000000
 -99.0000000000000
 -99.0000000000000
 -99.0000000000000
 -99.0000000000000
 -99.0000000000000
 -99.0000000000000
 -99.0000000000000
 -99.0000000000000
 -99.0000000000000
 -99.0000000000000
 -99.0000000000000
 -99.0000000000000
 -99.0000000000000
 -99.0000000000000
 -99.0000000000000
 -99.0000000000000
 -99.0000000000000
 123.290000000000
 122.530000000000
 121.830000000000
 120.780000000000
 119.190000000000
 117.670000000000
 115.260000000000
 113.820000000000
 113.040000000000
 112.530000000000
 111.050000000000
 109.340000000000
 108.050000000000
 106.670000000000
 105.470000000000
 104.230000000000
 102.630000000000
 100.260000000000
 98.6700000000000
 95.2000000000000
 91.8400000000000
 88.4900000000000
 84.3900000000000
 79.6800000000000
 74.9800000000000
 69.9400000000000
 64.7600000000000
 59.3900000000000
 54.9700000000000
 52.3400000000000
 50.4400000000000
 48.3500000000000
 45.4900000000000
 42.8700000000000
 39.8000000000000
 35.8000000000000
 33.9800000000000
 31.7000000000000
 29.9600000000000
 28.9200000000000
 27.1800000000000
 22.5900000000000
 17.2900000000000
 12.3000000000000
 8.68000000000000
 5.82000000000000
 3.86000000000000
 3.68000000000000
 4.24000000000000
 3.19000000000000
 2.88000000000000
 3.32000000000000
 2.00000000000000
 -99.0000000000000
 -99.0000000000000
 -99.0000000000000
 -99.0000000000000
 -99.0000000000000
 -99.0000000000000
 -99.0000000000000
 -99.0000000000000
 -99.0000000000000
 -99.0000000000000
 -99.0000000000000
 -99.0000000000000
 -99.0000000000000
 -99.0000000000000
 -99.0000000000000
 -99.0000000000000
 -99.0000000000000
 -99.0000000000000
 -99.0000000000000
 -99.0000000000000
 -99.0000000000000
 -99.0000000000000
 -99.0000000000000
 -99.0000000000000
 -99.0000000000000
 -99.0000000000000
 -99.0000000000000
 -99.0000000000000
 120.370000000000
 119.190000000000
 119.190000000000
 118.290000000000
 117.210000000000
 116.130000000000
 113.580000000000
 112.400000000000
 112.000000000000
 110.270000000000
 108.800000000000
 107.670000000000
 105.800000000000
 104.790000000000
 102.980000000000
 101.360000000000
 99.6400000000000
 98.4300000000000
 96.0500000000000
 92.6600000000000
 89.4600000000000
 86.4000000000000
 82.3200000000000
 78.0900000000000
 72.8900000000000
 67.5800000000000
 62.3300000000000
 57.2500000000000
 54.2400000000000
 52.3400000000000
 50.2700000000000
 47.6300000000000
 44.0600000000000
 38.8600000000000
 35.7900000000000
 33.1500000000000
 31.4400000000000
 30.1700000000000
 26.5600000000000
 24.5300000000000
 23.5900000000000
 23.6000000000000
 20.1300000000000
 15.9200000000000
 11.2200000000000
 8.61000000000000
 8.44000000000000
 8.29000000000000
 7.57000000000000
 5.76000000000000
 5.30000000000000
 3.15000000000000
 2.00000000000000
 -99.0000000000000
 -99.0000000000000
 -99.0000000000000
 -99.0000000000000
 -99.0000000000000
 -99.0000000000000
 -99.0000000000000
 -99.0000000000000
 -99.0000000000000
 -99.0000000000000
 -99.0000000000000
 -99.0000000000000
 -99.0000000000000
 -99.0000000000000
 -99.0000000000000
 -99.0000000000000
 -99.0000000000000
 -99.0000000000000
 -99.0000000000000
 -99.0000000000000
 -99.0000000000000
 -99.0000000000000
 -99.0000000000000
 -99.0000000000000
 -99.0000000000000
 -99.0000000000000
 -99.0000000000000
 -99.0000000000000
 119.190000000000
 117.300000000000
 117.140000000000
 116.040000000000
 115.320000000000
 114.480000000000
 113.210000000000
 111.180000000000
 110.050000000000
 108.240000000000
 106.370000000000
 105.370000000000
 104.700000000000
 102.760000000000
 101.760000000000
 100.030000000000
 98.5400000000000
 95.9300000000000
 93.5400000000000
 89.9600000000000
 86.4600000000000
 83.0900000000000
 79.1200000000000
 75.4200000000000
 70.9000000000000
 65.1800000000000
 59.6400000000000
 56.0300000000000
 53.4100000000000
 51.2200000000000
 48.8400000000000
 46.3400000000000
 43.3000000000000
 37.1600000000000
 33.1800000000000
 30.5300000000000
 29.2500000000000
 28.8200000000000
 29.0000000000000
 27.1800000000000
 24.2000000000000
 21.1700000000000
 19.0000000000000
 17.0400000000000
 14.5800000000000
 12.9500000000000
 11.1900000000000
 9.14000000000000
 7.15000000000000
 5.99000000000000
 3.45000000000000
 -99.0000000000000
 -99.0000000000000
 -99.0000000000000
 -99.0000000000000
 -99.0000000000000
 -99.0000000000000
 -99.0000000000000
 -99.0000000000000
 -99.0000000000000
 -99.0000000000000
 -99.0000000000000
 -99.0000000000000
 -99.0000000000000
 -99.0000000000000
 -99.0000000000000
 -99.0000000000000
 -99.0000000000000
 -99.0000000000000
 -99.0000000000000
 -99.0000000000000
 -99.0000000000000
 -99.0000000000000
 -99.0000000000000
 -99.0000000000000
 -99.0000000000000
 -99.0000000000000
 -99.0000000000000
 -99.0000000000000
 -99.0000000000000
 -99.0000000000000
 118.030000000000
 116.450000000000
 114.880000000000
 114.460000000000
 113.150000000000
 112.430000000000
 111.560000000000
 109.330000000000
 107.680000000000
 106.370000000000
 105.670000000000
 104.090000000000
 103.670000000000
 101.330000000000
 100.010000000000
 98.6800000000000
 95.8500000000000
 93.5000000000000
 91.0600000000000
 87.8300000000000
 83.5100000000000
 78.9200000000000
 74.6900000000000
 70.9100000000000
 66.5100000000000
 60.3000000000000
 57.0700000000000
 54.0800000000000
 51.2200000000000
 48.6700000000000
 46.4400000000000
 44.3900000000000
 41.0900000000000
 34.8000000000000
 31.4200000000000
 27.9100000000000
 25.2500000000000
 24.4300000000000
 22.4600000000000
 20.5200000000000
 21.4300000000000
 22.9700000000000
 22.9700000000000
 19.9500000000000
 16.8800000000000
 13.8900000000000
 10.6700000000000
 -99.0000000000000
 -99.0000000000000
 -99.0000000000000
 -99.0000000000000
 -99.0000000000000
 -99.0000000000000
 -99.0000000000000
 -99.0000000000000
 -99.0000000000000
 -99.0000000000000
 -99.0000000000000
 -99.0000000000000
 -99.0000000000000
 -99.0000000000000
 -99.0000000000000
 -99.0000000000000
 -99.0000000000000
 -99.0000000000000
 -99.0000000000000
 -99.0000000000000
 -99.0000000000000
 -99.0000000000000
 -99.0000000000000
 -99.0000000000000
 -99.0000000000000
 -99.0000000000000
 -99.0000000000000
 -99.0000000000000
 -99.0000000000000
 -99.0000000000000
 -99.0000000000000
 -99.0000000000000
 -99.0000000000000
 -99.0000000000000
 117.130000000000
 114.940000000000
 112.780000000000
 111.940000000000
 111.530000000000
 110.050000000000
 108.630000000000
 107.140000000000
 106.300000000000
 105.230000000000
 103.510000000000
 101.810000000000
 100.260000000000
 99.0900000000000
 97.6800000000000
 96.3500000000000
 93.6500000000000
 89.8500000000000
 86.3100000000000
 82.5800000000000
 78.3700000000000
 74.4200000000000
 70.0000000000000
 65.0800000000000
 60.3000000000000
 56.2100000000000
 53.2900000000000
 51.8500000000000
 49.1700000000000
 46.5400000000000
 45.1100000000000
 43.1300000000000
 40.4500000000000
 37.6000000000000
 34.3400000000000
 29.3300000000000
 21.1700000000000
 20.5600000000000
 20.8600000000000
 20.5000000000000
 19.7900000000000
 15.1600000000000
 15.1600000000000
 15.1600000000000
 12.9500000000000
 11.8300000000000
 8.92000000000000
 6.75000000000000
 4.79000000000000
 -99.0000000000000
 -99.0000000000000
 -99.0000000000000
 -99.0000000000000
 -99.0000000000000
 -99.0000000000000
 -99.0000000000000
 -99.0000000000000
 -99.0000000000000
 -99.0000000000000
 -99.0000000000000
 -99.0000000000000
 -99.0000000000000
 -99.0000000000000
 -99.0000000000000
 -99.0000000000000
 -99.0000000000000
 -99.0000000000000
 -99.0000000000000
 -99.0000000000000
 -99.0000000000000
 -99.0000000000000
 -99.0000000000000
 -99.0000000000000
 -99.0000000000000
 -99.0000000000000
 -99.0000000000000
 -99.0000000000000
 -99.0000000000000
 -99.0000000000000
 -99.0000000000000
 -99.0000000000000
 115.430000000000
 113.900000000000
 112.320000000000
 111.560000000000
 110.050000000000
 109.340000000000
 107.530000000000
 105.860000000000
 104.910000000000
 103.320000000000
 101.470000000000
 100.220000000000
 98.4600000000000
 97.0800000000000
 94.7800000000000
 92.6200000000000
 89.7800000000000
 87.5100000000000
 83.2700000000000
 78.6000000000000
 72.6900000000000
 67.2700000000000
 63.3400000000000
 61.0500000000000
 57.6300000000000
 53.8300000000000
 51.2200000000000
 48.0100000000000
 44.9600000000000
 41.9500000000000
 41.1300000000000
 40.8500000000000
 38.7300000000000
 35.6300000000000
 33.5800000000000
 29.5000000000000
 20.1600000000000
 22.5300000000000
 22.5300000000000
 21.2500000000000
 19.6000000000000
 15.1600000000000
 13.3000000000000
 13.1400000000000
 11.3700000000000
 9.42000000000000
 8.90000000000000
 5.81000000000000
 4.52000000000000
 -99.0000000000000
 -99.0000000000000
 -99.0000000000000
 -99.0000000000000
 -99.0000000000000
 -99.0000000000000
 -99.0000000000000
 -99.0000000000000
 -99.0000000000000
 -99.0000000000000
 -99.0000000000000
 -99.0000000000000
 -99.0000000000000
 -99.0000000000000
 -99.0000000000000
 -99.0000000000000
 -99.0000000000000
 -99.0000000000000
 -99.0000000000000
 -99.0000000000000
 -99.0000000000000
 -99.0000000000000
 -99.0000000000000
 -99.0000000000000
 -99.0000000000000
 -99.0000000000000
 -99.0000000000000
 -99.0000000000000
 -99.0000000000000
 -99.0000000000000
 -99.0000000000000
 -99.0000000000000
 112.690000000000
 111.090000000000
 109.800000000000
 108.130000000000
 106.270000000000
 105.250000000000
 104.170000000000
 102.930000000000
 101.660000000000
 100.260000000000
 99.1800000000000
 97.6100000000000
 96.0400000000000
 94.8400000000000
 92.8400000000000
 88.0500000000000
 87.4900000000000
 84.3900000000000
 80.2800000000000
 73.0700000000000
 69.6900000000000
 62.4700000000000
 55.1100000000000
 50.1000000000000
 44.8900000000000
 38.9600000000000
 37.8500000000000
 39.2700000000000
 38.2700000000000
 37.1600000000000
 36.7800000000000
 35.8700000000000
 37.5500000000000
 36.6600000000000
 31.7000000000000
 26.8500000000000
 22.7400000000000
 20.7600000000000
 21.0500000000000
 19.2300000000000
 15.1600000000000
 15.1600000000000
 -99.0000000000000
 -99.0000000000000
 -99.0000000000000
 -99.0000000000000
 -99.0000000000000
 -99.0000000000000
 -99.0000000000000
 -99.0000000000000
 -99.0000000000000
 -99.0000000000000
 -99.0000000000000
 -99.0000000000000
 -99.0000000000000
 -99.0000000000000
 -99.0000000000000
 -99.0000000000000
 -99.0000000000000
 -99.0000000000000
 -99.0000000000000
 -99.0000000000000
 -99.0000000000000
 -99.0000000000000
 -99.0000000000000
 -99.0000000000000
 -99.0000000000000
 -99.0000000000000
 -99.0000000000000
 -99.0000000000000
 -99.0000000000000
 -99.0000000000000
 -99.0000000000000
 -99.0000000000000
 -99.0000000000000
 -99.0000000000000
 -99.0000000000000
 -99.0000000000000
 -99.0000000000000
 -99.0000000000000
 -99.0000000000000
 110.690000000000
 110.100000000000
 108.740000000000
 106.340000000000
 104.360000000000
 103.460000000000
 101.310000000000
 100.090000000000
 99.2800000000000
 98.3800000000000
 97.0600000000000
 95.0400000000000
 93.3300000000000
 91.3900000000000
 89.2900000000000
 86.5200000000000
 83.1900000000000
 79.7300000000000
 74.8900000000000
 69.9200000000000
 60.3000000000000
 49.2000000000000
 38.9000000000000
 33.9400000000000
 30.1800000000000
 26.2800000000000
 21.8900000000000
 26.3600000000000
 28.5100000000000
 29.6600000000000
 31.0500000000000
 29.7400000000000
 29.8800000000000
 32.5200000000000
 32.0000000000000
 29.4500000000000
 26.5700000000000
 17.4700000000000
 17.6400000000000
 14.2600000000000
 -99.0000000000000
 -99.0000000000000
 -99.0000000000000
 -99.0000000000000
 -99.0000000000000
 -99.0000000000000
 -99.0000000000000
 -99.0000000000000
 -99.0000000000000
 -99.0000000000000
 -99.0000000000000
 -99.0000000000000
 -99.0000000000000
 -99.0000000000000
 -99.0000000000000
 -99.0000000000000
 -99.0000000000000
 -99.0000000000000
 -99.0000000000000
 -99.0000000000000
 -99.0000000000000
 -99.0000000000000
 -99.0000000000000
 -99.0000000000000
 -99.0000000000000
 -99.0000000000000
 -99.0000000000000
 -99.0000000000000
 -99.0000000000000
 -99.0000000000000
 -99.0000000000000
 -99.0000000000000
 -99.0000000000000
 -99.0000000000000
 -99.0000000000000
 -99.0000000000000
 -99.0000000000000
 -99.0000000000000
 -99.0000000000000
 -99.0000000000000
 -99.0000000000000
 106.550000000000
 107.120000000000
 106.790000000000
 105.430000000000
 103.560000000000
 101.750000000000
 99.4900000000000
 98.0100000000000
 96.5600000000000
 95.6800000000000
 94.6600000000000
 93.5400000000000
 89.9400000000000
 86.8800000000000
 85.9700000000000
 82.8300000000000
 80.4700000000000
 76.5700000000000
 70.0300000000000
 58.4700000000000
 48.6600000000000
 39.4100000000000
 25.9700000000000
 -99.0000000000000
 18.3900000000000
 20.2800000000000
 23.1700000000000
 22.9300000000000
 22.4600000000000
 21.2300000000000
 19.2100000000000
 15.3000000000000
 18.8800000000000
 24.4800000000000
 26.6200000000000
 25.4800000000000
 23.4800000000000
 21.4500000000000
 18.6200000000000
 15.2000000000000
 -99.0000000000000
 -99.0000000000000
 -99.0000000000000
 -99.0000000000000
 -99.0000000000000
 -99.0000000000000
 -99.0000000000000
 -99.0000000000000
 -99.0000000000000
 -99.0000000000000
 -99.0000000000000
 -99.0000000000000
 -99.0000000000000
 -99.0000000000000
 -99.0000000000000
 -99.0000000000000
 -99.0000000000000
 -99.0000000000000
 -99.0000000000000
 -99.0000000000000
 -99.0000000000000
 -99.0000000000000
 -99.0000000000000
 -99.0000000000000
 -99.0000000000000
 -99.0000000000000
 -99.0000000000000
 -99.0000000000000
 -99.0000000000000
 -99.0000000000000
 -99.0000000000000
 -99.0000000000000
 -99.0000000000000
 -99.0000000000000
 -99.0000000000000
 -99.0000000000000
 -99.0000000000000
 -99.0000000000000
 -99.0000000000000
 -99.0000000000000
 -99.0000000000000
 103.160000000000
 103.060000000000
 103.330000000000
 103.240000000000
 101.210000000000
 99.7900000000000
 98.0900000000000
 95.6400000000000
 94.3800000000000
 93.2800000000000
 91.5700000000000
 89.0600000000000
 86.1400000000000
 84.3900000000000
 83.8800000000000
 81.1000000000000
 77.2400000000000
 71.3100000000000
 61.5800000000000
 52.0800000000000
 45.0000000000000
 34.0600000000000
 24.6300000000000
 24.1900000000000
 23.0000000000000
 21.5800000000000
 21.2500000000000
 20.2700000000000
 16.3300000000000
 12.8100000000000
 14.4700000000000
 17.0400000000000
 18.6800000000000
 18.5900000000000
 20.2900000000000
 20.7900000000000
 19.3900000000000
 17.2900000000000
 15.2400000000000
 9.88000000000000
 -99.0000000000000
 -99.0000000000000
 -99.0000000000000
 -99.0000000000000
 -99.0000000000000
 -99.0000000000000
 -99.0000000000000
 -99.0000000000000
 -99.0000000000000
 -99.0000000000000
 -99.0000000000000
 -99.0000000000000
 -99.0000000000000
 -99.0000000000000
 -99.0000000000000
 -99.0000000000000
 -99.0000000000000
 -99.0000000000000
 -99.0000000000000
 -99.0000000000000
 -99.0000000000000
 -99.0000000000000
 -99.0000000000000
 -99.0000000000000
 -99.0000000000000
 -99.0000000000000
 -99.0000000000000
 -99.0000000000000
 -99.0000000000000
 -99.0000000000000
 -99.0000000000000
 -99.0000000000000
 -99.0000000000000
 -99.0000000000000
 -99.0000000000000
 -99.0000000000000
 -99.0000000000000
 -99.0000000000000
 -99.0000000000000
 -99.0000000000000
 -99.0000000000000
 101.760000000000
 100.260000000000
 100.200000000000
 99.9300000000000
 99.3900000000000
 98.5800000000000
 95.9600000000000
 94.2300000000000
 91.9900000000000
 90.7900000000000
 90.1700000000000
 88.9100000000000
 85.9800000000000
 82.5500000000000
 80.0900000000000
 77.5100000000000
 73.3900000000000
 66.4400000000000
 56.5300000000000
 47.7300000000000
 42.4600000000000
 37.1600000000000
 32.2900000000000
 25.9500000000000
 20.5500000000000
 19.1100000000000
 20.6400000000000
 16.3500000000000
 15.8500000000000
 15.5900000000000
 16.1500000000000
 16.5400000000000
 16.4300000000000
 17.0400000000000
 17.3800000000000
 17.3100000000000
 16.4000000000000
 14.1800000000000
 11.4700000000000
 10.4300000000000
 7.55000000000000
 -99.0000000000000
 -99.0000000000000
 -99.0000000000000
 -99.0000000000000
 -99.0000000000000
 -99.0000000000000
 -99.0000000000000
 -99.0000000000000
 -99.0000000000000
 -99.0000000000000
 -99.0000000000000
 -99.0000000000000
 -99.0000000000000
 -99.0000000000000
 -99.0000000000000
 -99.0000000000000
 -99.0000000000000
 -99.0000000000000
 -99.0000000000000
 -99.0000000000000
 -99.0000000000000
 -99.0000000000000
 -99.0000000000000
 -99.0000000000000
 -99.0000000000000
 -99.0000000000000
 -99.0000000000000
 -99.0000000000000
 -99.0000000000000
 -99.0000000000000
 -99.0000000000000
 -99.0000000000000
 -99.0000000000000
 -99.0000000000000
 -99.0000000000000
 -99.0000000000000
 -99.0000000000000
 -99.0000000000000
 -99.0000000000000
 -99.0000000000000
 100.180000000000
 98.4700000000000
 97.5600000000000
 97.2000000000000
 96.0900000000000
 94.8300000000000
 93.3200000000000
 91.7600000000000
 89.4600000000000
 87.6200000000000
 86.3500000000000
 84.3900000000000
 83.6100000000000
 80.6200000000000
 76.7100000000000
 73.1700000000000
 67.0600000000000
 58.3400000000000
 51.2200000000000
 43.9200000000000
 36.8400000000000
 30.9300000000000
 29.3000000000000
 27.6000000000000
 22.8900000000000
 17.3200000000000
 13.2600000000000
 17.5300000000000
 17.7200000000000
 15.4900000000000
 14.7800000000000
 13.9000000000000
 13.3900000000000
 12.7000000000000
 13.3200000000000
 14.1700000000000
 13.3500000000000
 12.0000000000000
 10.4600000000000
 8.68000000000000
 6.42000000000000
 -99.0000000000000
 -99.0000000000000
 -99.0000000000000
 -99.0000000000000
 -99.0000000000000
 -99.0000000000000
 -99.0000000000000
 -99.0000000000000
 -99.0000000000000
 -99.0000000000000
 -99.0000000000000
 -99.0000000000000
 -99.0000000000000
 -99.0000000000000
 -99.0000000000000
 -99.0000000000000
 -99.0000000000000
 -99.0000000000000
 -99.0000000000000
 -99.0000000000000
 -99.0000000000000
 -99.0000000000000
 -99.0000000000000
 -99.0000000000000
 -99.0000000000000
 -99.0000000000000
 -99.0000000000000
 -99.0000000000000
 -99.0000000000000
 -99.0000000000000
 -99.0000000000000
 -99.0000000000000
 -99.0000000000000
 -99.0000000000000
 -99.0000000000000
 -99.0000000000000
 -99.0000000000000
 -99.0000000000000
 -99.0000000000000
 -99.0000000000000
 98.4700000000000
 97.7200000000000
 94.6400000000000
 93.6400000000000
 93.3000000000000
 91.9700000000000
 89.6800000000000
 88.8400000000000
 85.8000000000000
 82.2100000000000
 81.7000000000000
 80.6200000000000
 78.8700000000000
 76.4900000000000
 72.1700000000000
 67.5600000000000
 59.4200000000000
 51.2200000000000
 47.2000000000000
 40.8500000000000
 31.7000000000000
 26.2100000000000
 24.8500000000000
 24.9800000000000
 20.4900000000000
 -99.0000000000000
 12.5900000000000
 12.7800000000000
 14.1600000000000
 13.0500000000000
 12.8500000000000
 10.0500000000000
 -99.0000000000000
 -99.0000000000000
 -99.0000000000000
 -99.0000000000000
 -99.0000000000000
 6.85000000000000
 6.30000000000000
 5.95000000000000
 4.32000000000000
 -99.0000000000000
 -99.0000000000000
 -99.0000000000000
 -99.0000000000000
 -99.0000000000000
 -99.0000000000000
 -99.0000000000000
 -99.0000000000000
 -99.0000000000000
 -99.0000000000000
 -99.0000000000000
 -99.0000000000000
 -99.0000000000000
 -99.0000000000000
 -99.0000000000000
 -99.0000000000000
 -99.0000000000000
 -99.0000000000000
 -99.0000000000000
 -99.0000000000000
 -99.0000000000000
 -99.0000000000000
 -99.0000000000000
 -99.0000000000000
 -99.0000000000000
 -99.0000000000000
 -99.0000000000000
 -99.0000000000000
 -99.0000000000000
 -99.0000000000000
 -99.0000000000000
 -99.0000000000000
 -99.0000000000000
 -99.0000000000000
 -99.0000000000000
 -99.0000000000000
 -99.0000000000000
 -99.0000000000000
 -99.0000000000000
 -99.0000000000000
 94.4700000000000
 93.1700000000000
 91.2300000000000
 89.0800000000000
 86.8100000000000
 86.4900000000000
 85.3000000000000
 83.9600000000000
 82.2600000000000
 79.3600000000000
 76.5600000000000
 74.8500000000000
 72.4800000000000
 69.3700000000000
 64.6100000000000
 60.3000000000000
 54.2700000000000
 47.2100000000000
 38.8200000000000
 34.0000000000000
 31.6200000000000
 29.9800000000000
 26.7800000000000
 24.1600000000000
 13.7300000000000
 10.4200000000000
 11.3300000000000
 11.8700000000000
 11.3100000000000
 8.55000000000000
 10.2300000000000
 -99.0000000000000
 -99.0000000000000
 -99.0000000000000
 -99.0000000000000
 -99.0000000000000
 -99.0000000000000
 -99.0000000000000
 -99.0000000000000
 -99.0000000000000
 -99.0000000000000
 -99.0000000000000
 -99.0000000000000
 -99.0000000000000
 -99.0000000000000
 -99.0000000000000
 -99.0000000000000
 -99.0000000000000
 -99.0000000000000
 -99.0000000000000
 -99.0000000000000
 -99.0000000000000
 -99.0000000000000
 -99.0000000000000
 -99.0000000000000
 -99.0000000000000
 -99.0000000000000
 -99.0000000000000
 -99.0000000000000
 -99.0000000000000
 -99.0000000000000
 -99.0000000000000
 -99.0000000000000
 -99.0000000000000
 -99.0000000000000
 -99.0000000000000
 -99.0000000000000
 -99.0000000000000
 -99.0000000000000
 -99.0000000000000
 -99.0000000000000
 -99.0000000000000
 -99.0000000000000
 -99.0000000000000
 -99.0000000000000
 -99.0000000000000
 -99.0000000000000
 -99.0000000000000
 -99.0000000000000
 -99.0000000000000
 -99.0000000000000
 89.6200000000000
 86.6600000000000
 84.3800000000000
 82.5200000000000
 79.8900000000000
 77.9600000000000
 77.0700000000000
 76.0100000000000
 75.0300000000000
 72.9600000000000
 70.6100000000000
 68.4300000000000
 65.7900000000000
 61.9900000000000
 59.0600000000000
 54.5300000000000
 47.2200000000000
 36.8900000000000
 29.9800000000000
 28.4300000000000
 29.9600000000000
 27.7800000000000
 24.2000000000000
 19.0800000000000
 12.8600000000000
 -99.0000000000000
 -99.0000000000000
 -99.0000000000000
 -99.0000000000000
 -99.0000000000000
 -99.0000000000000
 -99.0000000000000
 -99.0000000000000
 -99.0000000000000
 -99.0000000000000
 -99.0000000000000
 -99.0000000000000
 -99.0000000000000
 -99.0000000000000
 -99.0000000000000
 -99.0000000000000
 -99.0000000000000
 -99.0000000000000
 -99.0000000000000
 -99.0000000000000
 -99.0000000000000
 -99.0000000000000
 -99.0000000000000
 -99.0000000000000
 -99.0000000000000
 -99.0000000000000
 -99.0000000000000
 -99.0000000000000
 -99.0000000000000
 -99.0000000000000
 -99.0000000000000
 -99.0000000000000
 -99.0000000000000
 -99.0000000000000
 -99.0000000000000
 -99.0000000000000
 -99.0000000000000
 -99.0000000000000
 -99.0000000000000
 -99.0000000000000
 -99.0000000000000
 -99.0000000000000
 -99.0000000000000
 -99.0000000000000
 -99.0000000000000
 -99.0000000000000
 -99.0000000000000
 -99.0000000000000
 -99.0000000000000
 -99.0000000000000
 -99.0000000000000
 -99.0000000000000
 -99.0000000000000
 -99.0000000000000
 -99.0000000000000
 -99.0000000000000
 83.2900000000000
 79.3800000000000
 74.9900000000000
 69.6900000000000
 65.0600000000000
 65.4300000000000
 64.3200000000000
 66.2500000000000
 66.5200000000000
 65.2700000000000
 63.5400000000000
 61.0800000000000
 58.2800000000000
 55.3600000000000
 50.8600000000000
 42.8800000000000
 32.6000000000000
 24.1000000000000
 20.6600000000000
 21.8600000000000
 23.8900000000000
 23.7700000000000
 18.8100000000000
 -99.0000000000000
 -99.0000000000000
 -99.0000000000000
 -99.0000000000000
 -99.0000000000000
 -99.0000000000000
 -99.0000000000000
 -99.0000000000000
 -99.0000000000000
 -99.0000000000000
 -99.0000000000000
 -99.0000000000000
 -99.0000000000000
 -99.0000000000000
 -99.0000000000000
 -99.0000000000000
 -99.0000000000000
 -99.0000000000000
 -99.0000000000000
 -99.0000000000000
 -99.0000000000000
 -99.0000000000000
 -99.0000000000000
 -99.0000000000000
 -99.0000000000000
 -99.0000000000000
 -99.0000000000000
 -99.0000000000000
 -99.0000000000000
 -99.0000000000000
 -99.0000000000000
 -99.0000000000000
 -99.0000000000000
 -99.0000000000000
 -99.0000000000000
 -99.0000000000000
 -99.0000000000000
 -99.0000000000000
 -99.0000000000000
 -99.0000000000000
 -99.0000000000000
 -99.0000000000000
 -99.0000000000000
 -99.0000000000000
 -99.0000000000000
 -99.0000000000000
 -99.0000000000000
 -99.0000000000000
 -99.0000000000000
 -99.0000000000000
 -99.0000000000000
 -99.0000000000000
 -99.0000000000000
 -99.0000000000000
 -99.0000000000000
 -99.0000000000000
 -99.0000000000000
 -99.0000000000000
 65.8900000000000
 54.3800000000000
 48.1500000000000
 42.7100000000000
 43.1400000000000
 46.4900000000000
 52.6800000000000
 52.4600000000000
 56.2600000000000
 56.2800000000000
 54.3100000000000
 52.6400000000000
 48.9100000000000
 44.5800000000000
 37.5300000000000
 31.2100000000000
 27.4100000000000
 26.3000000000000
 22.4200000000000
 20.2400000000000
 19.7100000000000
 17.3700000000000
 -99.0000000000000
 -99.0000000000000
 -99.0000000000000
 -99.0000000000000
 -99.0000000000000
 -99.0000000000000
 -99.0000000000000
 -99.0000000000000
 -99.0000000000000
 -99.0000000000000
 -99.0000000000000
 -99.0000000000000
 -99.0000000000000
 -99.0000000000000
 -99.0000000000000
 -99.0000000000000
 -99.0000000000000
 -99.0000000000000
 -99.0000000000000
 -99.0000000000000
 -99.0000000000000
 -99.0000000000000
 -99.0000000000000
 -99.0000000000000
 -99.0000000000000
 -99.0000000000000
 -99.0000000000000
 -99.0000000000000
 -99.0000000000000
 -99.0000000000000
 -99.0000000000000
 -99.0000000000000
 -99.0000000000000
 -99.0000000000000
 -99.0000000000000
 -99.0000000000000
 -99.0000000000000
 -99.0000000000000
 -99.0000000000000
 -99.0000000000000
 -99.0000000000000
 -99.0000000000000
 -99.0000000000000
 -99.0000000000000
 -99.0000000000000
 -99.0000000000000
 -99.0000000000000
 -99.0000000000000
 -99.0000000000000
 -99.0000000000000
 -99.0000000000000
 -99.0000000000000
 -99.0000000000000
 -99.0000000000000
 -99.0000000000000
 -99.0000000000000
 -99.0000000000000
 -99.0000000000000
 -99.0000000000000
 55.0600000000000
 41.4400000000000
 31.7000000000000
 29.1800000000000
 29.6000000000000
 37.1600000000000
 39.8300000000000
 42.2100000000000
 48.9300000000000
 44.9600000000000
 42.8700000000000
 41.7600000000000
 40.4500000000000
 39.2100000000000
 36.3600000000000
 32.5700000000000
 27.1800000000000
 -99.0000000000000
 -99.0000000000000
 -99.0000000000000
 -99.0000000000000
 -99.0000000000000
 -99.0000000000000
 -99.0000000000000
 -99.0000000000000
 -99.0000000000000
 -99.0000000000000
 -99.0000000000000
 -99.0000000000000
 -99.0000000000000
 -99.0000000000000
 -99.0000000000000
 -99.0000000000000
 -99.0000000000000
 -99.0000000000000
 -99.0000000000000
 -99.0000000000000
 -99.0000000000000
 -99.0000000000000
 -99.0000000000000
 -99.0000000000000
 -99.0000000000000
 -99.0000000000000
 -99.0000000000000
 -99.0000000000000
 -99.0000000000000
 -99.0000000000000
 -99.0000000000000
 -99.0000000000000
 -99.0000000000000
 -99.0000000000000
 -99.0000000000000
 -99.0000000000000
 -99.0000000000000
 -99.0000000000000
 -99.0000000000000
 -99.0000000000000
 -99.0000000000000
 -99.0000000000000
 -99.0000000000000
 -99.0000000000000
 -99.0000000000000
 -99.0000000000000
 -99.0000000000000
 -99.0000000000000
 -99.0000000000000
 -99.0000000000000
 -99.0000000000000
 -99.0000000000000
 -99.0000000000000
 -99.0000000000000
 -99.0000000000000
 -99.0000000000000
 -99.0000000000000
 -99.0000000000000
 -99.0000000000000
 -99.0000000000000
 -99.0000000000000
 -99.0000000000000
 -99.0000000000000
 -99.0000000000000
 44.1000000000000
 38.9600000000000
 29.3500000000000
 23.5400000000000
 27.1800000000000
 33.4400000000000
 35.7800000000000
 38.5800000000000
 39.2700000000000
 40.5100000000000
 38.7200000000000
 36.4600000000000
 34.3300000000000
 32.0600000000000
 28.8100000000000
 20.5100000000000
 -99.0000000000000
 -99.0000000000000
 -99.0000000000000
 -99.0000000000000
 -99.0000000000000
 -99.0000000000000
 -99.0000000000000
 -99.0000000000000
 -99.0000000000000
 -99.0000000000000
 -99.0000000000000
 -99.0000000000000
 -99.0000000000000
 -99.0000000000000
 -99.0000000000000
 -99.0000000000000
 -99.0000000000000
 -99.0000000000000
 -99.0000000000000
 -99.0000000000000
 -99.0000000000000
 -99.0000000000000
 -99.0000000000000
 -99.0000000000000
 -99.0000000000000
 -99.0000000000000
 -99.0000000000000
 -99.0000000000000
 -99.0000000000000
 -99.0000000000000
 -99.0000000000000
 -99.0000000000000
 -99.0000000000000
 -99.0000000000000
 -99.0000000000000
 -99.0000000000000
 -99.0000000000000
 -99.0000000000000
 -99.0000000000000
 -99.0000000000000
 -99.0000000000000
 -99.0000000000000
 -99.0000000000000
 -99.0000000000000
 -99.0000000000000
 -99.0000000000000
 -99.0000000000000
 -99.0000000000000
 -99.0000000000000
 -99.0000000000000
 -99.0000000000000
 -99.0000000000000
 -99.0000000000000
 -99.0000000000000
 -99.0000000000000
 -99.0000000000000
 -99.0000000000000
 -99.0000000000000
 -99.0000000000000
 -99.0000000000000
 -99.0000000000000
 -99.0000000000000
 -99.0000000000000
 -99.0000000000000
 -99.0000000000000
 28.3600000000000
 26.3700000000000
 20.9200000000000
 22.0000000000000
 26.2900000000000
 27.5200000000000
 25.6200000000000
 24.5800000000000
 24.6900000000000
 27.1800000000000
 26.3400000000000
 -99.0000000000000
 -99.0000000000000
 -99.0000000000000
 -99.0000000000000
 -99.0000000000000
 -99.0000000000000
 -99.0000000000000
 -99.0000000000000
 -99.0000000000000
 -99.0000000000000
 -99.0000000000000
 -99.0000000000000
 -99.0000000000000
 -99.0000000000000
 -99.0000000000000
 -99.0000000000000
 -99.0000000000000
 -99.0000000000000
 -99.0000000000000
 -99.0000000000000
 -99.0000000000000
 -99.0000000000000
 -99.0000000000000
 -99.0000000000000
 -99.0000000000000
 -99.0000000000000
 -99.0000000000000
 -99.0000000000000
 -99.0000000000000
 -99.0000000000000
 -99.0000000000000
 -99.0000000000000
 -99.0000000000000
 -99.0000000000000
 -99.0000000000000
 -99.0000000000000
 -99.0000000000000
 -99.0000000000000
 -99.0000000000000
 -99.0000000000000
 -99.0000000000000
 -99.0000000000000
 -99.0000000000000
 -99.0000000000000
 -99.0000000000000
 -99.0000000000000
 -99.0000000000000
 -99.0000000000000
 -99.0000000000000
 -99.0000000000000
 -99.0000000000000
 -99.0000000000000
 -99.0000000000000
 -99.0000000000000
 -99.0000000000000
 -99.0000000000000
 -99.0000000000000
 -99.0000000000000
 -99.0000000000000
 -99.0000000000000
 -99.0000000000000
 -99.0000000000000
 -99.0000000000000
 -99.0000000000000
 -99.0000000000000
 -99.0000000000000
 -99.0000000000000
 -99.0000000000000
 -99.0000000000000
 -99.0000000000000
 19.8700000000000
 19.9200000000000
 17.4100000000000
 21.0000000000000
 22.6300000000000
 21.5600000000000
 -99.0000000000000
 -99.0000000000000
 -99.0000000000000
 -99.0000000000000
 -99.0000000000000
 -99.0000000000000
 -99.0000000000000
 -99.0000000000000
 -99.0000000000000
 -99.0000000000000
 -99.0000000000000
 -99.0000000000000
 -99.0000000000000
 -99.0000000000000
 -99.0000000000000
 -99.0000000000000
 -99.0000000000000
 -99.0000000000000
 -99.0000000000000
 -99.0000000000000
 -99.0000000000000
 -99.0000000000000
 -99.0000000000000
 -99.0000000000000
 -99.0000000000000
 -99.0000000000000
 -99.0000000000000
 -99.0000000000000
 -99.0000000000000
 -99.0000000000000
 -99.0000000000000
 -99.0000000000000
 -99.0000000000000
 -99.0000000000000
 -99.0000000000000
 -99.0000000000000
 -99.0000000000000
 -99.0000000000000
 -99.0000000000000
 -99.0000000000000
 -99.0000000000000
 -99.0000000000000
 -99.0000000000000
 -99.0000000000000
 -99.0000000000000
 -99.0000000000000
 -99.0000000000000
 -99.0000000000000
 -99.0000000000000
 -99.0000000000000
 -99.0000000000000
 -99.0000000000000
 -99.0000000000000
 -99.0000000000000
 -99.0000000000000
 -99.0000000000000
 -99.0000000000000
 -99.0000000000000
 -99.0000000000000
 -99.0000000000000
 -99.0000000000000
 -99.0000000000000
 -99.0000000000000
 -99.0000000000000
 -99.0000000000000
 -99.0000000000000
 -99.0000000000000
 -99.0000000000000
 -99.0000000000000
 -99.0000000000000
 -99.0000000000000
 -99.0000000000000
 -99.0000000000000
 -99.0000000000000
 -99.0000000000000
 -99.0000000000000
 -99.0000000000000
 -99.0000000000000
 -99.0000000000000
 -99.0000000000000
 -99.0000000000000
 -99.0000000000000
 -99.0000000000000
 -99.0000000000000
 -99.0000000000000
 -99.0000000000000
 -99.0000000000000
 -99.0000000000000
 -99.0000000000000
 -99.0000000000000
 -99.0000000000000
 -99.0000000000000
 -99.0000000000000
 -99.0000000000000
 -99.0000000000000
 -99.0000000000000
 -99.0000000000000
 -99.0000000000000
 -99.0000000000000
 -99.0000000000000
 -99.0000000000000
 -99.0000000000000
 -99.0000000000000
 -99.0000000000000
 -99.0000000000000
 -99.0000000000000
 -99.0000000000000
 -99.0000000000000
 -99.0000000000000
 -99.0000000000000
 -99.0000000000000
 -99.0000000000000
 -99.0000000000000
 -99.0000000000000
 -99.0000000000000
 -99.0000000000000
 -99.0000000000000
 -99.0000000000000
 -99.0000000000000
 -99.0000000000000
 -99.0000000000000
 -99.0000000000000
 -99.0000000000000
 -99.0000000000000
 -99.0000000000000
 -99.0000000000000
 -99.0000000000000
 -99.0000000000000
 -99.0000000000000
 -99.0000000000000
 -99.0000000000000
 -99.0000000000000
 -99.0000000000000
 -99.0000000000000
 -99.0000000000000
 -99.0000000000000
 -99.0000000000000
 -99.0000000000000
 -99.0000000000000
 -99.0000000000000
 -99.0000000000000
 -99.0000000000000
 -99.0000000000000
 -99.0000000000000
 -99.0000000000000
 -99.0000000000000
 -99.0000000000000
 -99.0000000000000
 -99.0000000000000
 -99.0000000000000
 -99.0000000000000
 -99.0000000000000
 -99.0000000000000
 -99.0000000000000
 -99.0000000000000
 -99.0000000000000
 -99.0000000000000
 -99.0000000000000
 -99.0000000000000
 -99.0000000000000
 -99.0000000000000
 -99.0000000000000
 -99.0000000000000
 -99.0000000000000
 -99.0000000000000
 -99.0000000000000
 -99.0000000000000
 -99.0000000000000
 -99.0000000000000
 -99.0000000000000
 -99.0000000000000
 -99.0000000000000
 -99.0000000000000
 -99.0000000000000
 -99.0000000000000
 -99.0000000000000
 -99.0000000000000
 -99.0000000000000
 -99.0000000000000
 -99.0000000000000
 -99.0000000000000
 -99.0000000000000
 -99.0000000000000
 -99.0000000000000
 -99.0000000000000
 -99.0000000000000
 -99.0000000000000
 -99.0000000000000
 -99.0000000000000
 -99.0000000000000
 -99.0000000000000
 -99.0000000000000
 -99.0000000000000
 -99.0000000000000
 -99.0000000000000
 -99.0000000000000
 -99.0000000000000
 -99.0000000000000
 -99.0000000000000
 -99.0000000000000
 -99.0000000000000
 -99.0000000000000
 -99.0000000000000
 -99.0000000000000
 -99.0000000000000
 -99.0000000000000
 -99.0000000000000
 -99.0000000000000
 -99.0000000000000
 -99.0000000000000
 -99.0000000000000
 -99.0000000000000
 -99.0000000000000
 -99.0000000000000
 -99.0000000000000
 -99.0000000000000
 -99.0000000000000
 -99.0000000000000
 -99.0000000000000
 -99.0000000000000
 -99.0000000000000
 -99.0000000000000
 -99.0000000000000
 -99.0000000000000
 -99.0000000000000
 -99.0000000000000
 -99.0000000000000
 -99.0000000000000
 -99.0000000000000
 -99.0000000000000
 -99.0000000000000
 -99.0000000000000
 -99.0000000000000
 -99.0000000000000
 -99.0000000000000
 -99.0000000000000
 -99.0000000000000
 <EndGridData2D>
