PROJ4_STRING              : +proj=longlat +datum=WGS84 +no_defs
COMENT1                   : Grid generated by MOHID Studio
COMENT2                   : Generation Time: 10/9/2019 1:10:31 PM
LATITUDE                  : 37.92
LONGITUDE                 : -9
COORD_TIP                 : 4
ILB_IUB                   : 1 40
JLB_JUB                   : 1 32
ORIGIN                    : -9.24 37.62
GRID_ANGLE                : 0
CONSTANT_SPACING_X        : 1
CONSTANT_SPACING_Y        : 1
DX                        : 0.0150000000000001
DY                        : 0.0149999999999988
FILL_VALUE                : -99
<BeginGridData2D>
506.499922379697
486.703416312803
466.669164268896
445.8298473794
419.913405058195
394.288734510213
371.620632353289
349.26946620368
329.013483115451
311.156457143027
293.761169164964
273.505869723502
254.408057471785
231.847623584316
209.689545530718
189.460395566538
171.427446354441
157.638581081526
147.725977945824
140.286693377232
133.296259609375
127.023113242892
119.883290292684
110.249686411995
95.6038610041259
76.6577593164443
59.0148684897307
33.761949451134
15.7047127072445
-3.17560464902089
-4.16122409109233
-6.6609357946803
502.883259758291
484.325012479814
465.138239000199
446.615726051284
420.937724388589
397.488711245206
372.449756084137
349.136981285786
328.75915682826
309.540837155586
291.514685303163
271.122530523864
251.064126175023
230.797094136369
210.425468244987
186.773147382142
167.479124967817
154.232145521997
145.116769489844
138.486260754878
132.607348299985
126.762933266264
119.445175788497
110.415499933818
96.1303784687079
76.5153699184637
59.0765735488284
39.25322932448
17.0001882991799
2.41512079681526
-2.55932154071697
-6.38008108592858
498.510276083895
482.170809964041
463.929798595532
448.189645567236
421.862767817359
398.743932501738
373.69963577428
351.596403085334
330.512218245856
310.277580092943
291.235578884876
270.385254024884
250.187664930688
229.30785690895
205.711588517173
179.948234087707
165.790278527507
152.199743967228
143.661906918928
137.954410969132
132.463214919785
125.786732483845
117.930979784798
107.759360142032
96.3666834235995
76.5052106929432
57.6783141795076
38.8802985364165
20.3258837864457
6.69344017690671
2.1174091906411
-6.28959718084112
495.590266715297
479.855541604158
463.76229642218
445.58880838101
421.826014189114
398.052100172115
374.197325928575
354.442123863363
330.117251278069
310.252991570186
290.406686471685
269.087779342395
248.175009344132
226.136010805375
200.502444204306
178.05149729898
162.209571579367
148.938083280138
142.482948373003
138.926196022014
132.942318472534
125.536053262744
117.408965822584
107.484815210544
95.6253324485679
79.0417365205371
59.8654915671895
38.813990163941
23.0070608413518
5.67350149945583
-1.38024348647218
-5.02527680107893
493.489935870015
479.082508816312
463.905947881808
446.806168172945
424.471718984185
400.954256009697
378.124207725232
355.324936828224
332.217919777024
310.19382037276
282.375343719622
265.070225163587
243.932382184735
225.872581588036
197.11914129508
177.386129295749
160.54553515999
143.911077021019
131.93028355848
127.268169895794
123.294614650719
118.763980212935
114.651729645468
106.152876645963
90.4000500225653
77.7860457096518
55.8661380935306
39.3696318804049
25.3597481328833
9.867288630866
-2.75117667526207
-6.54839458533262
490.270094249571
477.857159652692
464.656667201833
448.550431933218
427.095399955891
404.9100946506
380.935324234386
357.618194819075
331.805819461153
306.939982587743
282.270357137224
259.532120176982
237.969510774057
218.657906647579
195.202825624663
175.464841515522
159.253123175843
145.887474274892
134.162823294521
123.452847895454
117.495013252246
116.730775771325
111.74831405566
102.527642653594
85.1548936497565
74.5607641372559
58.9061039008275
35.7856725291508
26.6592715730747
10.3683323341287
-0.779234274384728
-4.87600785820625
488.604557053884
476.599343622668
463.513405835546
450.152353609279
431.047595182037
408.896056751121
385.136487217281
353.516396852024
322.596228146512
298.054385906539
274.068963367408
252.761882874171
232.916544344451
211.812271292424
190.664372491189
172.841149671613
158.62628420799
148.614324000316
135.032293388754
126.444377794206
120.084326602391
116.588417517387
107.900467802652
99.1933737877994
83.5392221214535
71.3218820432797
55.1519720156722
35.4740919020627
20.8539932672834
10.2572476684525
3.50571039532198
-1.17476621570658
484.75810286561
474.067305635263
462.117772392801
449.530233957182
432.83929810128
413.525900951953
392.977568490246
357.99904297557
303.809054160171
276.006329380892
263.23377790289
244.610943581902
226.943369193018
204.508774640888
184.241471962442
170.659275891919
159.174997719053
150.248751803829
140.986016573225
131.098287132195
121.73681497845
113.677870596185
102.2382568442
92.795246481832
80.8217910690481
64.0493177554814
49.1264334804639
31.9160823163689
17.6558594065186
7.38140466381861
3.23844912837546
0.0842813492093021
482.165147684551
470.175930654312
458.931791714037
446.793238956822
431.109354542997
413.477572860787
394.465128693354
362.120312752113
309.899883369896
273.34564272073
253.754466435621
232.253334691121
219.446998289699
198.042509177244
179.325573224356
167.347592140999
157.407745774033
149.953686227873
142.862740052527
134.838241707262
126.626856767831
117.05954162908
100.718191091733
89.3237877116559
79.5124658493458
63.8759379784724
49.0900451774106
35.4101345418348
12.2060315036326
-4.27187789580872
2.59810027597591
-0.747027073712019
477.304844453523
465.613602344624
454.448476750218
442.108375501142
425.951975798551
407.446157884237
387.701759864098
363.396406720052
333.898696841686
290.670014391752
255.671241133918
235.743015380929
214.778318226572
192.140824095545
176.236524128548
164.793999116435
156.26591248788
149.407557365097
143.22188077418
135.957845656621
127.182806330384
114.934010336024
101.960895068294
91.5098967211631
81.1515486572569
65.729303075142
49.7163827326515
34.4078160748428
16.2794427746962
1.63113308654152
0.368632207422635
-2.86605028914639
473.407235492347
459.68997687062
447.863212067984
434.05662057036
416.38635753519
399.049949518008
380.562814393402
359.519829690996
332.7553773306
301.964365097852
263.769195878975
237.422051936911
213.142305607688
188.958073100858
173.535779685417
163.142566410843
155.489146177611
149.490474071946
142.796106946004
135.793683260366
126.406711470353
115.546374662669
103.425956131614
85.4806928286285
73.3717768706997
57.6974944616396
44.9546620870951
32.9109610947054
17.4651493530753
4.49948393986989
1.52880627083399
-1.61375765280837
469.77433822535
456.429667231485
443.175009506778
428.209274301273
410.223044658656
390.973440195194
374.07642014542
354.769525529513
331.543145580354
301.495845812323
269.975227950029
238.055713543388
208.609993853935
186.484386259119
171.305098651657
161.5559547241
154.348333457782
148.334667340687
141.422790399747
134.333244945225
126.556345929782
114.363597446401
100.058736636734
82.7898254181339
70.2860762386429
53.6540716150787
38.8653070120873
30.3705190749534
17.6395717541157
2.68076125981325
-1.93695667713125
-4.47133762745035
469.148788573303
451.659133302817
434.589389956978
421.712539711147
403.623340611552
384.417319491505
367.707085404589
350.057006417038
329.815464661438
305.885639047216
275.952619899697
236.981751803058
207.350598063184
185.420380816181
170.585771612868
160.032001361417
152.400793525834
145.864534654516
139.414928937611
132.369459051139
123.524731289574
110.857071931121
97.3416502566469
84.0174550213325
70.3411995384217
54.898872166955
35.5612563775876
26.671370118196
14.3970678781088
6.18426183760455
2.64859016722532
-0.992718186495939
467.852320749706
456.371597033865
428.368778028703
416.232982734769
399.927813524523
379.050026394907
362.000962366443
345.041636672736
326.111714004718
303.242713622485
274.031022916789
242.956098431917
210.267615382712
185.704111287095
170.214595227981
159.505955211735
150.878569418258
144.321575408275
137.515279102779
129.881122843678
119.292587547092
106.275781764416
91.6718499056925
80.6153030864537
61.6520272493097
45.269082480194
36.2842957862483
27.2641239201226
17.9988117083074
9.94233866560109
0.954751181327945
-1.923617440229
466.138855506677
457.172753735477
426.5736687729
409.94638369313
394.3790120724
374.732752079813
357.611520201141
339.352398566004
321.109084635605
299.890350322231
274.680163514938
246.281881522653
217.09286510166
186.66177305743
169.968626457656
158.399092615767
149.393379624226
143.086104465476
136.554541947501
127.051266151446
113.668593652315
101.668252800017
88.7590160859686
71.3250526036999
60.0916278132138
42.8618734100286
36.2326470832774
30.0866998005503
19.3175499095256
8.97268943597028
3.13392962295199
0.297535604579674
469.148305555583
456.310133663131
441.307804499083
420.495508149184
395.480217081263
371.557205454684
352.549364791259
333.709837826134
314.993902106034
295.759417161902
272.700536129892
247.267389127685
220.029924800211
185.624731622465
167.641881777129
155.859670510014
146.64088321355
139.707194777253
132.621036118966
120.323046227897
109.318671892844
97.3383359012937
82.1939075181087
67.1613091510539
58.1266356455333
50.5249932446688
39.8138734975985
32.2624677432021
22.1572229179904
8.22343547466541
3.42807137533225
-0.312454037196621
469.277122072809
453.541752892081
437.774788562074
420.715624498081
395.756394942887
366.968096885581
347.344698663101
328.014131354793
309.572066504398
291.290625280867
269.891633765713
245.183519727033
218.933977266911
182.942865408873
164.928272631199
153.246714654634
142.573065007268
134.015414310271
128.841687675077
117.067822326591
106.537772137266
93.2712229969974
78.5603726578977
66.4121691741164
55.1071567340014
49.3877338879529
39.020957869065
29.9563518341453
20.7466815092713
10.7509939128301
4.36447007649618
1.66582302900601
471.991351997563
454.111451329831
437.322132843166
421.401206842434
395.871727952538
365.189119146692
337.987911890199
308.580495713397
314.044461019751
287.177103282095
266.785134121242
244.031907143691
215.625460638877
180.177874572658
162.835891430769
150.591431954278
139.551403380135
130.947275997857
124.614657379541
114.129058853083
103.304417017927
88.7180389421257
75.0847477272281
63.7896075562119
52.5740914287139
44.1373167446254
37.6991403467614
29.1221849042709
20.103142953462
7.45802143148366
3.65325239544813
-0.50580548089462
474.534708634743
454.467683129748
437.43915595816
420.441711686363
398.572538432972
368.551996625714
338.312677863379
314.496698568681
295.428312814631
281.821239098777
262.636495886263
240.94360592859
212.030293228483
178.114087766167
161.680352082404
147.700765380056
136.888971308856
126.667594606043
121.701717302477
110.860527156524
99.7996954842671
84.1118715868325
69.0796277872002
58.5737422952565
50.7012378874221
43.5091545434724
35.0391636165344
26.6042934721406
18.2673290016872
4.6974490682669
4.20375266823886
2.2130690072389
474.557825386732
454.900137551163
437.842172456363
420.793010335166
398.664777246425
372.692792471178
343.206906851116
315.513004551497
295.730411354868
277.923972288268
258.939080036889
237.238917016018
205.709881309582
176.968928416823
161.709002140514
148.785060252608
137.923425486761
130.203302592335
120.630799615678
108.206357152264
96.1224074536082
82.2678284050494
67.3464517606925
54.3036180278256
42.769549827604
32.5820950489004
26.9433876780057
21.4672503552102
12.1343914451962
4.2563660243822
1.92846351965399
-0.376848169669715
480.257505400893
460.298070745061
439.488474332844
424.129563649564
401.318175906347
376.143667350034
350.464654767493
321.373036252726
298.607612927012
279.078560918518
258.199991999689
235.706248201577
207.275770411039
177.360810291305
162.089536518096
149.569367310843
138.322101880931
129.831086128737
123.00360121447
108.704507254927
93.891431185155
81.2376687459669
64.6177626598959
47.5621857766021
37.1842805036708
26.5886733521026
17.8670715042758
9.30359097551059
5.10778034212547
3.23638169668553
2.05564498216123
0.231249621150821
485.449206119673
466.046911798779
447.1561980114
428.466669076436
403.111486883
380.030653006905
356.839583128792
332.906687834607
305.328842725612
282.469203011139
259.950553039704
236.642004869497
211.269796262451
178.097077071905
162.811308826631
149.755616608967
138.447328392006
131.316343766925
122.555150289483
110.260421048964
95.4659824549888
79.2793146996515
59.0360122868257
41.2652108148799
29.9385870824938
15.8203794872355
7.8764428668608
4.32894882186449
0.840538945759267
0.795059989304208
0.423349702609315
0.404486231793201
496.694789894425
476.79433636674
455.638024134462
437.414142827899
412.541447185503
385.214766788105
360.437184830499
333.374404889465
307.681743918202
284.805895004467
263.994409144993
241.405920924466
214.798342700731
179.662078312987
164.062260485121
150.784042813517
139.273729705064
130.800422414269
123.12673518638
111.186001383851
91.8717832934023
69.6644531547668
49.3190654538301
20.1587057626109
13.334976347342
8.33788462513479
6.78231444598558
2.83923878899575
-0.380955518714513
-0.488925027544254
-0.782358165734838
-1.088175955296
509.596519835532
488.872890727777
467.906627069238
447.749404162289
420.370178279117
392.990574980147
366.232623415071
340.104109202777
314.018174898439
289.5495326228
266.680593614182
244.570032045874
219.193053073061
181.659063029077
164.050135842093
150.783903183954
138.57805080247
131.84824950339
123.172459947976
100.452333606454
86.7516421451227
67.1070260283928
46.9764839013795
31.9747524390431
16.4210907924877
9.6142661475711
1.03202354789041
0.101153686711378
-0.932755151178886
-1.73729035206323
-1.21435866944355
-1.23834198539681
527.564897292543
504.924879411515
482.683050813111
459.264654543121
431.631774580588
402.800108700082
376.52530718119
349.764121543504
324.113888131769
299.245526561356
272.851801600461
248.700070987675
223.709906628431
183.816389759682
163.763345710414
150.052016736123
139.566316553793
131.880878655458
123.960771661696
109.629057756824
86.7194910709215
71.6613593105011
55.4712648761474
41.8197450317743
28.2717292050404
10.4918603281021
3.54674641497934
2.86580744948941
1.23774548040511
-0.670621378031345
-1.09908580185767
-1.2613030647608
550.072614984448
523.644059322459
500.313537613149
476.840997625488
446.897532195943
415.810619564733
388.268264819397
360.923958015958
335.177707374027
310.412736821685
282.128103775666
254.162273295009
226.314949053999
184.857258748546
164.503175016045
150.799859792443
138.672739426957
131.338559782105
124.000143611949
111.434692152484
92.4717237011393
81.0762846117567
67.5699792883397
48.1138797265618
35.0635623024757
22.2775884728103
7.86111394421869
2.78876050830988
1.02738100340531
-0.0711831889469106
0.977051015444438
0.307967403597053
573.093063565405
545.097695299875
520.449072281235
494.710667444746
463.611738197661
431.324049364705
402.99445799491
374.324846953898
349.074753008862
325.06831522024
293.165681487938
261.483941274196
231.371103256571
186.685981921147
165.02274004528
150.619037609599
138.208916779956
130.850615685565
123.798119232969
116.217569976949
106.081745839967
94.1994437192881
79.1232949231989
57.2887246610363
42.1832195472645
30.1299800747663
12.5554921053397
6.81570532784709
3.99662245980824
1.72348367973594
0.404620343439057
0.661563378754359
602.132253661225
573.231062230379
542.847532779598
515.831711207377
481.432220396011
448.552048145903
419.030477597648
389.298828141199
361.52560666082
335.236125016674
303.810689141135
271.066637769547
237.32918071677
187.011106649831
164.88029279883
149.660485522577
137.28281483021
130.181510130195
124.189519733682
117.58108189643
109.663380448208
99.4131260207691
86.7951231620778
67.622745683729
49.2721460510873
36.2108917653527
23.4922615265694
8.46950897406843
4.66024554843225
2.92424507819327
1.56115943710907
0.244139564171507
626.5473900873
590.671458812904
565.906159850369
540.228352102887
502.349098740753
467.120166693415
437.464702328968
404.425606504726
372.392502103412
346.020914621352
315.116085584967
282.003163910509
242.954126085182
187.507607065935
164.789511815663
148.355857503559
136.180759542555
130.386983686042
126.031940079958
120.328718237455
113.991100911215
104.97057086299
93.5603609248522
77.1729397635502
56.4598665427159
42.2313093553827
28.8522029799286
12.7653027160408
6.20584972366191
3.3060295801556
1.32642104526261
-0.17600845975317
652.195218213365
620.701678292472
597.932371012015
562.943851152629
523.55984605547
487.703300194768
458.999422016404
418.4476369943
391.419438335495
363.381743832157
330.864410800648
294.768725983803
248.923890649287
187.103776435083
163.174046484323
146.819160365041
136.051903667303
130.161362207339
125.62297666009
120.487006946975
116.485631811793
109.48372695727
99.5652046048509
84.9729032772317
64.7699918800319
47.1565269419145
34.3463692451823
22.2319618074679
7.66995684886405
3.85032520847124
2.57016600235509
1.45587490226548
734.995992249608
671.977170611374
617.047531939271
582.253332903859
538.13261022803
506.063372843206
473.363561484115
437.326898936037
414.466343735746
378.885335701186
339.396264685262
300.691252621129
238.721197826905
181.31022768244
160.087751225707
144.588565338386
135.084975434425
129.529646309038
125.762029782559
121.593575401558
117.914108150495
112.471742129199
103.795356048781
89.9727059894437
72.0154776595016
53.9174085801643
38.2971594361205
26.6220705172144
9.30571506319528
6.24588760344814
2.00454591367512
-1.39718312755307
742.512521628607
702.420260211443
634.427687264352
600.96649900175
562.272307642593
526.386770827297
479.335387112414
464.08256105681
426.642719687481
381.97401154478
343.144311437392
297.143912234669
215.359405527838
175.74804087385
155.603842960446
142.101511841487
134.137332241926
130.467696358946
127.247525828217
124.117793986044
120.261837241789
114.842628354834
106.36439978481
94.5710192981854
78.3796757592791
58.1088222444194
42.6512984402826
30.5616337845731
16.5115669617704
4.49791307622116
2.95672564928993
0.470402570623702
747.284228691473
708.621760976592
669.787622132323
634.022192606013
583.382924015365
544.20585701439
518.776474243101
484.177858615142
445.042820217563
401.123142754655
342.628723841805
279.443849239236
194.270133755899
168.670488196811
151.688076246085
141.904367118909
135.012150362697
132.166815003362
129.011659228827
126.620537180621
122.99731814382
117.936073174185
110.153588297576
98.30263557873
87.0288361574138
63.8529093903424
47.1935900148574
34.6051880727055
23.2202377588261
6.83402842050592
5.08881202749638
1.9756083018424
736.89508881025
709.906291582692
673.465890153885
630.994280849627
584.896759136381
551.683567155404
513.13254023439
480.637535619046
407.660490155361
357.252242247572
303.859818607051
220.43094597565
183.582787654625
163.239191887244
149.518775450062
140.418644194363
136.653112002741
133.769802595678
131.494552202994
128.709254371887
125.070161269009
120.057303047946
112.753772251158
101.531779690674
87.1935184011182
68.2477183794158
51.1653078928287
38.683912155244
26.7489741260619
12.0609751090927
6.06260526949305
2.66542708828466
764.166342734541
731.410360420183
664.427505902899
632.132217806868
593.322440824084
549.191054080445
507.908301594785
447.048116538524
393.680555154237
329.82591239692
262.938210228466
199.493200522558
176.230114091352
158.790608553031
147.217777335669
139.487082435681
135.992038552678
133.259971011717
132.003194413189
128.151223084006
124.825377943824
119.404295133636
113.164263207178
102.929502172899
89.7724857508992
72.2696125498087
55.1879476678623
41.4030441651098
29.385156145206
18.2052073772278
6.75031924452673
3.60829563230427
773.61820740185
722.334645003716
689.377412974553
657.637124084064
624.566916785239
565.583448316198
504.611795482642
437.68524499802
364.054997705231
303.580613900205
232.333559423736
194.01526797888
171.949845968649
156.238807788478
146.202520883476
140.905418296788
137.813184013957
134.670810238148
131.794474918938
129.013609033096
123.337884818621
118.788445382524
114.166771136477
106.298712579308
93.7778486984431
77.5215654322064
60.1609909117356
44.351095751621
32.3817115871594
22.5540028827334
9.66330350133732
6.30825560001341
773.023987856151
746.29712944833
709.530280040968
682.035280448371
536.720079744077
457.749054211257
454.925473065954
419.5248212769
355.994082098223
303.345789955784
229.882066350718
194.612830960375
173.601416830348
157.823137535021
147.935873639206
143.215049131732
140.009396140777
136.260276844273
132.824559307986
129.305871547864
124.484986428691
119.734457860484
115.045721798265
108.801377497355
96.9654672763162
81.8970561070366
64.0507757716405
46.8097040222478
34.7222290324081
25.4820506324354
7.97455409185239
6.74176884632636
780.193177812568
758.111445903848
727.045336564663
693.096382742032
536.101347858658
495.780851779805
514.728997977628
458.107070455617
385.15380926676
315.235627811317
234.67162682074
196.674815259662
174.156003357487
157.521408485211
148.435760986755
141.620167845999
138.349717720599
134.572094979872
131.197182067575
128.229454225287
124.892052728051
120.549948013244
115.299558948306
109.130640825312
97.8197148843448
83.4938673704961
64.9757254428215
49.1371172525721
36.2202952598735
27.6257548639713
13.086549084254
7.43798329677691
783.944077760854
758.303255668608
753.874505313966
717.697430064545
663.606074120095
621.856732906087
568.681822197565
519.579357407701
463.808633704315
367.804669812309
261.854662734795
201.527361535685
177.652850458921
159.146202495415
147.840865285229
140.638244824399
136.274462946776
133.752632997567
131.706199132339
129.020137968769
126.593258899706
122.807004155769
115.961595463755
109.269146211503
98.9748771568936
86.283845871034
78.9896200806203
53.006199276571
37.8789361619036
28.8109047034018
16.6976752079009
7.6590791020304
796.196730421989
765.700202820485
794.492785564925
746.057398979628
719.304731228694
663.455096841424
589.615278126944
453.193841505406
411.93706397882
386.521315657739
348.994177039429
259.474237103251
189.029503005903
164.256206691582
150.032279642437
142.919597289709
138.255206478485
135.723346830738
134.439641261447
131.551479911936
127.843169778014
122.416783803766
115.856263796747
110.002061113421
100.09586083541
87.1884254175688
70.1588874001478
53.0833160763035
38.5628729022553
29.6883858104751
18.6553615066232
7.12529117387494
<EndGridData2D>
