PROJ4_STRING              : +proj=longlat +datum=WGS84 +no_defs
COMENT1                   : Automatic Generated Grid Data File
COMENT2                   : Based On uk_costa_hydro_ori_v02_Smoothed_final.dat
LATITUDE                  : 51.14689725
LONGITUDE                 : -4.40310525
COORD_TIP                 : 4
ILB_IUB                   : 1 49
JLB_JUB                   : 1 101
ORIGIN                    : -6.343101 50.1669
GRID_ANGLE                : 0
<BeginXX>
0
0.039999899
0.079999797
0.1199997
0.1599996
0.1999995
0.2399994
0.2799993
0.3199992
0.3599991
0.399999
0.4399989
0.4799988
0.5199987
0.5599986
0.5999985
0.6399984
0.6799983
0.7199982
0.7599981
0.799998
0.8399979
0.8799978
0.9199977
0.9599976
0.9999975
1.039997
1.079997
1.119997
1.159997
1.199997
1.239997
1.279996
1.319996
1.359996
1.399996
1.439996
1.479996
1.519995
1.559995
1.599995
1.639995
1.679995
1.719995
1.759995
1.799994
1.839994
1.879994
1.919994
1.959994
1.999994
2.039994
2.079993
2.119993
2.159993
2.199993
2.239993
2.279993
2.319993
2.359993
2.399993
2.439993
2.479993
2.519993
2.559993
2.599993
2.639993
2.679993
2.719993
2.759993
2.799993
2.839993
2.879993
2.919993
2.959993
2.999993
3.039993
3.079993
3.119992
3.159992
3.199992
3.239992
3.279992
3.319992
3.359992
3.399992
3.439992
3.479992
3.519992
3.559992
3.599992
3.639992
3.679992
3.719992
3.759992
3.799992
3.839992
3.879992
3.919992
3.959992
3.999992
4.039991
<EndXX>
<BeginYY>
0
0.039999899
0.079999797
0.1199997
0.1599996
0.1999995
0.2399994
0.2799993
0.3199992
0.3599991
0.399999
0.4399989
0.4799988
0.5199987
0.5599986
0.5999985
0.6399984
0.6799983
0.7199982
0.7599981
0.799998
0.8399979
0.8799978
0.9199977
0.9599976
0.9999975
1.039997
1.079997
1.119997
1.159997
1.199997
1.239997
1.279996
1.319996
1.359996
1.399996
1.439996
1.479996
1.519995
1.559995
1.599995
1.639995
1.679995
1.719995
1.759995
1.799994
1.839994
1.879994
1.919994
1.959994
<EndYY>
FILL_VALUE                : -99
<BeginGridData2D>
84.39
82.0403
80.02348
78.27301
76.6762
74.94907
73.28117
70.81844
68.56567
64.67544
58.07396
54.09268
49.87743
47.29316
46.68598
43.52
38.35172
33.47002
-99
-99
-99
-99
-99
-99
-99
-99
-99
-99
-99
-99
-99
-99
-99
-99
-99
-99
-99
-99
-99
-99
-99
-99
-99
-99
-99
-99
-99
-99
-99
-99
-99
-99
-99
-99
-99
-99
-99
-99
-99
-99
-99
-99
-99
-99
-99
-99
-99
-99
-99
-99
-99
-99
-99
-99
-99
-99
-99
-99
-99
-99
-99
-99
-99
-99
-99
-99
-99
-99
-99
-99
-99
-99
-99
-99
-99
-99
-99
-99
-99
-99
-99
85.96841
84.09682
81.99192
79.99977
78.31989
76.66116
74.34961
72.35593
69.4229
65.37921
57.84411
52.79359
49.13444
45.85869
45.936
43.28644
40.06678
37.89022
32.34082
26.70449
23.45345
24.87884
23.49253
-99
-99
-99
-99
-99
-99
-99
-99
-99
-99
-99
-99
-99
-99
-99
-99
-99
-99
-99
-99
-99
-99
-99
-99
-99
-99
-99
-99
-99
-99
-99
-99
-99
-99
-99
-99
-99
-99
-99
-99
-99
-99
-99
-99
-99
-99
-99
-99
-99
-99
-99
-99
-99
-99
-99
-99
-99
-99
-99
-99
-99
-99
-99
-99
-99
-99
-99
-99
-99
-99
-99
-99
-99
-99
-99
-99
-99
-99
86.9364
84.39
83.2822
81.26553
79.51472
77.91541
76.18697
73.83868
71.06265
67.98737
64.45306
57.18658
51.22
48.2618
47.07632
45.56878
41.66149
38.37382
34.53283
31.7
28.97001
28.40231
28.43341
28.15087
28.76476
27.48669
-99
-99
-99
-99
-99
-99
-99
-99
-99
-99
-99
-99
-99
-99
-99
-99
-99
-99
-99
-99
-99
-99
-99
-99
-99
-99
-99
-99
-99
-99
-99
-99
-99
-99
-99
-99
-99
-99
-99
-99
-99
-99
-99
-99
-99
-99
-99
-99
-99
-99
-99
-99
-99
-99
-99
-99
-99
-99
-99
-99
-99
-99
-99
-99
-99
-99
-99
-99
-99
-99
-99
-99
-99
-99
-99
89.12635
86.90775
84.39
83.25711
81.08607
79.00143
76.86208
74.61069
72.44862
70.17949
67.58525
63.98655
57.7093
51.22
50.03877
48.58096
44.32367
40.04601
37.82536
35.36627
35.01682
34.21035
34.37996
33.72916
33.86012
32.80242
30.8665
-99
-99
-99
-99
-99
-99
-99
-99
-99
-99
-99
-99
-99
-99
-99
-99
-99
-99
-99
-99
-99
-99
-99
-99
-99
-99
-99
-99
-99
-99
-99
-99
-99
-99
-99
-99
-99
-99
-99
-99
-99
-99
-99
-99
-99
-99
-99
-99
-99
-99
-99
-99
-99
-99
-99
-99
-99
-99
-99
-99
-99
-99
-99
-99
-99
-99
-99
-99
-99
-99
-99
-99
-99
-99
90.35433
88.50832
86.89265
85.28642
83.30472
81.09244
79.06523
76.88938
73.97138
71.11317
69.09247
66.85566
64.00663
60.18195
56.26864
53.42495
51.72001
49.76112
46.68365
42.70739
42.19318
42.33167
40.58946
38.34459
37.56813
36.35703
35.36927
33.83355
29.86551
-99
-99
-99
-99
-99
-99
-99
-99
-99
-99
-99
-99
-99
-99
-99
-99
-99
-99
-99
-99
-99
-99
-99
-99
-99
-99
-99
-99
-99
-99
-99
-99
-99
-99
-99
-99
-99
-99
-99
-99
-99
-99
-99
-99
-99
-99
-99
-99
-99
-99
-99
-99
-99
-99
-99
-99
-99
-99
-99
-99
-99
-99
-99
-99
-99
-99
-99
-99
-99
-99
-99
-99
91.44923
89.93466
88.10309
86.54711
84.39
83.21967
81.20503
79.50816
77.24931
74.22338
71.31
69.38978
67.23528
64.95906
62.47002
59.75092
57.28802
54.86599
53.1124
51.22
49.34449
47.87314
45.78057
44.38234
42.63103
39.99641
38.09708
36.23001
35.00309
29.05011
-99
-99
-99
-99
-99
-99
-99
-99
-99
-99
-99
-99
-99
-99
-99
-99
-99
-99
-99
-99
-99
-99
-99
-99
-99
-99
-99
-99
-99
-99
-99
-99
-99
-99
-99
-99
-99
-99
-99
-99
-99
-99
-99
-99
-99
-99
-99
-99
-99
-99
-99
-99
-99
-99
-99
-99
-99
-99
-99
-99
-99
-99
-99
-99
-99
-99
-99
-99
-99
-99
-99
92.2463
90.75285
89.20625
87.88501
86.35058
84.39
82.81918
80.93282
78.91568
76.74982
74.04605
71.31
69.33427
67.18238
65.00301
63.0673
61.27691
59.69336
58.03097
56.33222
54.17548
52.50108
50.64178
48.09688
45.81964
43.52
40.52402
38.45089
35.76007
32.52821
27.75134
-99
-99
-99
-99
-99
-99
-99
-99
-99
-99
-99
-99
-99
-99
-99
-99
-99
-99
-99
-99
-99
-99
-99
-99
-99
-99
-99
-99
-99
-99
-99
-99
-99
-99
-99
-99
-99
-99
-99
-99
-99
-99
-99
-99
-99
-99
-99
-99
-99
-99
-99
-99
-99
-99
-99
-99
-99
-99
-99
-99
-99
-99
-99
-99
-99
-99
-99
-99
-99
-99
92.79639
91.50916
89.82679
88.65934
87.34025
85.97752
84.15828
82.41312
80.46925
78.53065
76.43501
74.11552
71.31
69.51385
67.37307
65.37197
63.48834
62.10381
60.3
59.49813
58.01177
56.18648
54.26245
52.46354
50.9014
48.11674
46.19011
43.21764
40.56567
38.276
36.15329
31.47841
-99
-99
-99
-99
-99
-99
-99
-99
-99
-99
-99
-99
-99
-99
-99
-99
-99
-99
-99
-99
-99
-99
-99
-99
-99
-99
-99
-99
-99
-99
-99
-99
-99
-99
-99
-99
-99
-99
-99
-99
-99
-99
-99
-99
-99
-99
-99
-99
-99
-99
-99
-99
-99
-99
-99
-99
-99
-99
-99
-99
-99
-99
-99
-99
-99
-99
-99
-99
-99
93.10516
92.02824
90.43628
89.24377
88.28706
86.77262
85.32404
83.73548
82.0295
80.02666
78.23505
76.36061
74.30012
71.31
69.71182
67.97665
66.14764
63.76117
62.154
61.61666
60.3
59.28394
57.54604
55.69601
53.95294
52.10565
49.98088
47.99771
45.01375
41.69769
38.72302
34.60158
-99
-99
-99
-99
-99
-99
-99
-99
-99
-99
-99
-99
-99
-99
-99
-99
-99
-99
-99
-99
-99
-99
-99
-99
-99
-99
-99
-99
-99
-99
-99
-99
-99
-99
-99
-99
-99
-99
-99
-99
-99
-99
-99
-99
-99
-99
-99
-99
-99
-99
-99
-99
-99
-99
-99
-99
-99
-99
-99
-99
-99
-99
-99
-99
-99
-99
-99
-99
-99
93.62032
92.49545
91.07936
89.77936
88.38427
87.09084
85.99667
84.39
83.28619
81.65836
79.84737
77.92971
75.76124
73.85361
71.31
70.16535
68.49536
66.97707
65.39566
64.11829
62.73962
61.46419
60.00399
58.35232
56.72131
54.85687
52.73842
50.38692
48.21377
44.8455
40.84628
36.35966
31.01554
-99
-99
-99
-99
-99
-99
-99
-99
-99
-99
-99
-99
-99
-99
-99
-99
-99
-99
-99
-99
-99
-99
-99
-99
-99
-99
-99
-99
-99
-99
-99
-99
-99
-99
-99
-99
-99
-99
-99
-99
-99
-99
-99
-99
-99
-99
-99
-99
-99
-99
-99
-99
-99
-99
-99
-99
-99
-99
-99
-99
-99
-99
-99
-99
-99
-99
-99
-99
93.82193
92.97261
92.01344
90.61143
88.74449
87.4754
86.38084
85.22954
84.13557
82.8866
81.417
79.69618
77.93159
76.18685
74.34937
72.47005
70.84589
69.1787
67.54958
66.06796
64.73392
63.48376
62.36435
61.25097
59.68168
57.94468
56.132
54.3696
52.53518
50.76672
48.6566
45.00912
41.28652
37.93627
35.02941
-99
-99
-99
-99
-99
-99
-99
-99
-99
-99
-99
-99
-99
-99
-99
-99
-99
-99
-99
-99
-99
-99
-99
-99
-99
-99
-99
-99
-99
-99
-99
-99
-99
-99
-99
-99
-99
-99
-99
-99
-99
-99
-99
-99
-99
-99
-99
-99
-99
-99
-99
-99
-99
-99
-99
-99
-99
-99
-99
-99
-99
-99
-99
-99
-99
-99
93.85239
93.31009
92.02299
91.3936
89.76092
88.065
87.04332
86.02869
84.39
83.71962
82.58228
81.31171
79.84031
78.01492
76.4101
74.70509
73.04832
71.2324
69.78693
68.24348
66.90698
65.65621
64.45704
63.15155
61.62104
59.80877
58.35828
57.10843
55.36241
53.63966
52.44445
51.04237
49.65799
47.43949
45.07812
43.02795
39.06791
35.30321
30.68622
-99
-99
-99
-99
-99
-99
-99
-99
-99
-99
-99
-99
-99
-99
-99
-99
-99
-99
-99
-99
-99
-99
-99
-99
-99
-99
-99
-99
-99
-99
-99
-99
-99
-99
-99
-99
-99
-99
-99
-99
-99
-99
-99
-99
-99
-99
-99
-99
-99
-99
-99
-99
-99
-99
-99
-99
-99
-99
-99
-99
-99
-99
94.34321
93.1003
92.01934
91.05899
90.01646
88.88819
87.92876
86.53033
84.39
84.39
83.503
82.44028
81.32665
80.15369
78.60332
76.47002
74.83456
73.32304
71.31
70.28636
68.85349
67.39207
66.09605
64.8704
63.67018
62.35629
61.00515
59.53446
57.89833
56.33196
54.77238
53.30859
52.20546
50.61484
48.63189
45.86317
43.24091
40.56963
38.09001
-99
-99
-99
-99
-99
-99
-99
-99
-99
-99
-99
-99
-99
-99
-99
-99
-99
-99
-99
-99
-99
-99
-99
-99
-99
-99
-99
-99
-99
-99
-99
-99
-99
-99
-99
-99
-99
-99
-99
-99
-99
-99
-99
-99
-99
-99
-99
-99
-99
-99
-99
-99
-99
-99
-99
-99
-99
-99
-99
-99
-99
-99
94.18867
93.08549
92.25552
91.46738
90.60127
89.58653
89.08395
87.25932
86.16191
84.39
84.39
83.58822
82.42609
81.09326
79.80099
78.1742
76.23273
74.79008
73.36012
72.00689
70.62122
69.20364
67.8772
66.64413
65.55244
64.44881
63.33479
61.80455
60.08905
58.75204
57.10025
55.29392
53.78293
52.21136
50.52895
47.72969
45.28573
43.11583
40.34915
37.95024
33.84386
-99
-99
-99
-99
-99
-99
-99
-99
-99
-99
-99
-99
-99
-99
-99
-99
-99
-99
-99
-99
-99
-99
-99
-99
-99
-99
-99
-99
-99
-99
-99
-99
-99
-99
-99
-99
-99
-99
-99
-99
-99
-99
-99
-99
-99
-99
-99
-99
-99
-99
-99
-99
-99
-99
-99
-99
-99
-99
-99
-99
94.19788
93.35896
92.678
91.72018
91.02597
90.24808
90.06952
89.4789
88.08149
87.06854
84.39
84.34025
83.07193
81.79067
80.78024
79.66209
78.17878
76.44728
75.09607
73.77961
72.47616
71.0799
69.76481
68.39114
67.13123
65.87534
64.75883
63.61609
62.24826
60.3
59.15682
57.41311
55.6743
53.70051
51.75304
49.16589
46.50205
45.2707
42.0098
38.72524
36.08918
32.61502
-99
-99
-99
-99
-99
-99
-99
-99
-99
-99
-99
-99
-99
-99
-99
-99
-99
-99
-99
-99
-99
-99
-99
-99
-99
-99
-99
-99
-99
-99
-99
-99
-99
-99
-99
-99
-99
-99
-99
-99
-99
-99
-99
-99
-99
-99
-99
-99
-99
-99
-99
-99
-99
-99
-99
-99
-99
-99
-99
94.1552
93.60446
93.10092
91.69518
91.11569
91.47496
91.27866
90.08568
88.47102
87.52581
86.80103
85.29346
83.80048
82.66113
81.31086
79.93289
78.89507
77.62122
76.20898
75.03696
73.8691
72.64611
71.23946
70.04074
68.85899
67.52468
66.27554
65.04715
63.69929
62.3052
60.3
58.82082
56.93829
55.2008
53.24506
50.92113
47.93359
47.00257
44.11401
40.56102
36.85437
34.51635
31.38519
25.94117
-99
-99
-99
-99
-99
-99
-99
-99
-99
-99
-99
-99
-99
-99
-99
-99
-99
-99
-99
-99
-99
-99
-99
-99
-99
-99
-99
-99
-99
-99
-99
-99
-99
-99
-99
-99
-99
-99
-99
-99
-99
-99
-99
-99
-99
-99
-99
-99
-99
-99
-99
-99
-99
-99
-99
-99
-99
94.08969
93.96058
93.40611
92.26958
90.92843
91.08616
91.79087
91.99265
90.57507
88.57616
87.03094
86.54761
85.22478
83.30725
81.7145
80.09343
79.28449
78.17387
77.30061
76.22273
75.11659
73.94566
72.76538
71.31
70.3009
69.00492
67.64562
66.22168
64.73643
63.50214
62.06947
60.17511
58.24821
56.37205
54.51394
52.53489
50.08447
47.37187
45.1702
41.47723
37.70481
34.97583
32.42538
27.61363
-99
-99
-99
-99
-99
-99
-99
-99
-99
-99
-99
-99
-99
-99
-99
-99
-99
-99
-99
-99
-99
-99
-99
-99
-99
-99
-99
-99
-99
-99
-99
-99
-99
-99
-99
-99
-99
-99
-99
-99
-99
-99
-99
-99
-99
-99
-99
-99
-99
-99
-99
-99
-99
-99
-99
-99
-99
94.46249
94.1509
93.52998
92.87684
91.6549
90.81368
90.79147
91.48323
91.82298
90.81458
88.89535
87.44114
85.67551
83.93715
82.91957
81.32231
80.49702
79.56214
78.71819
77.35379
76.15222
75.08226
74.04779
72.9847
71.31
70.75951
69.12346
67.78909
66.34041
64.78231
63.10651
61.28055
59.38256
57.27238
55.33879
53.42536
51.17061
48.627
45.67379
42.46878
38.7443
34.83803
33.10915
28.03315
-99
-99
-99
-99
-99
-99
-99
-99
-99
-99
-99
-99
-99
-99
-99
-99
-99
-99
-99
-99
-99
-99
-99
-99
-99
-99
-99
-99
-99
-99
-99
-99
-99
-99
-99
-99
-99
-99
-99
-99
-99
-99
-99
-99
-99
-99
-99
-99
-99
-99
-99
-99
-99
-99
-99
-99
-99
94.67738
94.54367
94.22121
93.6576
93.05026
91.66829
90.62444
90.02483
90.74338
90.40003
89.61272
87.38761
85.84218
84.32594
83.11562
81.68606
81.31416
81.21487
81.06913
79.64346
76.91309
75.48729
74.82238
74.10439
73.35582
71.96603
70.431
68.99857
67.55137
66.07298
64.36449
62.67418
60.86376
58.67959
56.58558
54.58144
52.44127
50.28477
47.48986
44.44772
40.48146
35.32689
34.32643
29.52175
-99
-99
-99
-99
-99
-99
-99
-99
-99
-99
-99
-99
-99
-99
-99
-99
-99
-99
-99
-99
-99
-99
-99
-99
-99
-99
-99
-99
-99
-99
-99
-99
-99
-99
-99
-99
-99
-99
-99
-99
-99
-99
-99
-99
-99
-99
-99
-99
-99
-99
-99
-99
-99
-99
-99
-99
-99
95.05241
94.53517
94.25114
93.9362
93.92214
92.64642
91.83405
90.73962
89.77381
89.73086
89.0891
87.50565
85.58038
84.37147
83.26617
82.45381
81.67265
81.30033
80.93647
80.00904
79.55648
77.65002
75.63046
74.81551
74.9189
72.76096
71.13708
69.89828
68.57681
67.22266
65.65965
63.99207
62.25288
60.20673
58.2956
56.18361
54.12848
52.07572
49.97588
47.41877
42.4323
37.60114
35.68854
33.12821
26.20064
-99
-99
-99
-99
-99
-99
-99
-99
-99
-99
-99
-99
-99
-99
-99
-99
-99
-99
-99
-99
-99
-99
-99
-99
-99
-99
-99
-99
-99
-99
-99
-99
-99
-99
-99
-99
-99
-99
-99
-99
-99
-99
-99
-99
-99
-99
-99
-99
-99
-99
-99
-99
-99
-99
-99
-99
96.61765
96.19807
95.84764
95.37685
95.03806
94.96001
93.63711
92.55346
90.81834
89.71954
88.85351
87.60551
85.98999
84.39
83.65784
83.72009
83.36884
83.00842
82.20127
80.52884
78.73115
78.39116
76.87625
75.36835
74.85036
72.75869
71.31
70.4284
69.32524
68.01073
66.52714
65.00142
63.35946
61.6839
59.77727
57.81741
55.94772
53.9148
52.03811
49.88175
47.4873
43.52
38.16157
33.38128
29.82601
-99
-99
-99
-99
-99
-99
-99
-99
-99
-99
-99
-99
-99
-99
-99
-99
-99
-99
-99
-99
-99
-99
-99
-99
-99
-99
-99
-99
-99
-99
-99
-99
-99
-99
-99
-99
-99
-99
-99
-99
-99
-99
-99
-99
-99
-99
-99
-99
-99
-99
-99
-99
-99
-99
-99
-99
97.42355
97.54802
97.54131
96.37402
95.55193
94.75732
93.80338
92.32191
90.54214
89.34604
88.23635
86.98215
85.58601
84.39
83.68407
83.11689
82.45165
82.16938
81.38002
80.34245
79.01286
77.72868
76.50349
75.74587
73.67962
73.33547
72.77804
70.82651
69.63905
68.5537
67.22313
65.65087
63.87497
62.22751
60.3
58.60604
56.67397
54.90834
52.91072
51.08644
49.29399
47.54055
45.24071
41.12161
32.73014
26.65808
-99
24.94037
22.62093
20.35202
18.12059
13.89835
-99
-99
-99
-99
-99
-99
-99
-99
-99
-99
-99
-99
-99
-99
-99
-99
-99
-99
-99
-99
-99
-99
-99
-99
-99
-99
-99
-99
-99
-99
-99
-99
-99
-99
-99
-99
-99
-99
-99
-99
-99
-99
-99
-99
-99
-99
-99
-99
-99
100.26
100.26
102.1323
98.87871
96.63738
94.98252
94.17213
92.2515
90.55672
89.47218
87.60211
86.53779
85.46548
84.38315
83.06793
82.45728
82.04369
81.94674
81.18351
81.23492
80.31565
78.67434
76.83005
75.08592
73.85963
73.41645
72.33298
70.67599
69.8805
68.51703
67.44278
66.33921
64.65252
62.88696
61.05158
59.25754
57.49814
55.55318
53.74854
51.72757
49.82317
47.7362
46.20493
44.92111
42.13737
38.14592
35.18873
32.19378
26.45756
22.7251
20.72859
18.09562
12.22317
-99
-99
-99
-99
-99
-99
-99
-99
-99
-99
-99
-99
-99
-99
-99
-99
-99
-99
-99
-99
-99
-99
-99
-99
-99
-99
-99
-99
-99
-99
-99
-99
-99
-99
-99
-99
-99
-99
-99
-99
-99
-99
-99
-99
-99
-99
-99
-99
102.5265
101.9638
107.3456
101.3288
98.32403
96.1184
94.4386
92.67832
91.2516
89.79829
87.40598
86.06989
84.39
83.86531
83.12957
82.52544
82.18031
81.50618
81.24879
79.7785
79.09348
77.97082
75.73313
74.08382
72.64843
71.31
70.75099
70.07846
69.47549
68.84541
67.63698
66.20917
65.02935
63.59564
61.62322
59.49311
57.80424
55.85843
54.2304
52.22845
50.2086
48.31148
47.0142
46.01684
44.98975
43.15767
40.54224
37.16
32.96589
27.91212
23.12796
20.21291
15.10927
-99
-99
-99
-99
-99
-99
-99
-99
-99
-99
-99
-99
-99
-99
-99
-99
-99
-99
-99
-99
-99
-99
-99
-99
-99
-99
-99
-99
-99
-99
-99
-99
-99
-99
-99
-99
-99
-99
-99
-99
-99
-99
-99
-99
-99
-99
-99
-99
104.4554
102.0331
103.6208
105.8821
100.26
98.39973
95.58211
92.70224
91.02042
89.99156
88.10072
86.17694
84.39
83.17708
82.15707
81.24007
80.18835
79.59991
78.92388
78.20199
77.20284
76.36046
75.02237
73.54868
71.96491
71.14632
70.02611
69.34527
68.61023
67.86186
66.89261
65.26717
62.85112
61.45773
60.3
57.43287
54.52127
50.37757
48.89358
48.66557
49.34076
44.92325
44.92799
47.25058
46.21081
44.10293
42.23602
39.57115
36.43895
33.03152
29.22562
25.40985
-99
-99
-99
-99
-99
-99
-99
-99
-99
-99
-99
-99
-99
-99
-99
-99
-99
-99
-99
-99
-99
-99
-99
-99
-99
-99
-99
-99
-99
-99
-99
-99
-99
-99
-99
-99
-99
-99
-99
-99
-99
-99
-99
-99
-99
-99
-99
-99
-99
106.7561
106.1133
105.5456
107.4413
102.3293
101.4879
98.31814
95.30843
92.38021
90.85659
89.27222
87.16669
85.49303
84.13778
82.60528
81.55389
80.08389
78.74068
77.62747
76.08109
74.81487
74.29905
73.96964
72.5369
71.31
70.5088
69.8008
69.1755
68.45114
67.56046
66.5862
65.23411
62.72846
61.2916
59.95848
58.92329
57.18008
55.52502
52.69773
44.65443
38.42044
-99
34.72485
41.82907
45.82088
43.95892
43.47681
42.17413
39.76324
38.08542
35.96558
31.7
25.48428
-99
-99
-99
-99
-99
-99
-99
-99
-99
-99
-99
-99
-99
-99
-99
-99
-99
-99
-99
-99
-99
-99
-99
-99
-99
-99
-99
-99
-99
-99
-99
-99
-99
-99
-99
-99
-99
-99
-99
-99
-99
-99
-99
-99
-99
-99
-99
-99
107.2113
108.5117
114.3429
105.2077
101.4269
101.51
99.16669
95.97785
93.20833
91.29832
89.77845
87.62464
85.69906
84.07547
82.60316
81.79224
80.24916
78.61341
77.04668
75.21271
74.06014
73.06922
72.57778
71.98881
71.0891
70.56174
69.67797
69.04833
68.44859
67.61263
66.83698
65.68844
64.42365
63.08267
61.49158
59.75012
57.29749
55.98859
52.58037
47.18501
45.65672
45.93673
42.76176
40.47959
41.84703
43.9589
43.94552
42.6798
41.13359
39.92884
38.57748
37.02964
35.07872
32.13657
29.83286
28.35015
27.70741
26.41583
-99
-99
-99
-99
-99
-99
-99
-99
-99
-99
-99
-99
-99
-99
15.37356
15.05372
14.10555
12.89268
11.46863
10.39702
8.918728
6.763441
5.146885
4.477351
3.863185
-99
-99
-99
-99
-99
-99
-99
-99
-99
-99
-99
-99
-99
-99
-99
-99
-99
-99
106.2967
109.4031
112.4408
107.1771
102.245
101.923
99.8204
96.99017
94.51518
92.14136
90.40981
88.29149
86.08495
83.9101
82.39359
81.85632
80.51203
78.66513
76.77553
74.49753
73.45242
72.61506
71.31
71.00929
70.34521
69.52489
68.8396
68.33656
68.09365
67.60732
66.82781
65.70455
64.20335
62.51714
61.28558
59.6608
58.25343
56.44017
54.35085
51.70566
49.56467
48.96007
48.03769
46.76737
44.97282
42.89364
42.43493
43.1372
41.5628
40.44985
40.12238
39.12587
37.16
35.83498
34.54453
33.63424
32.66794
31.1787
29.69843
28.67433
27.75279
26.81236
25.14326
23.98779
23.74548
22.69096
20.51144
19.95
20.39873
21.56271
21.12212
20.72753
20.11783
18.83637
16.78668
14.38367
12.61785
12.01494
10.46
8.903627
7.424163
5.795957
4.401334
-99
-99
-99
-99
-99
-99
-99
-99
-99
-99
-99
-99
-99
-99
-99
-99
-99
-99
107.4979
107.7519
112.6759
109.0239
105.8072
103.1168
100.1908
97.41003
95.13469
92.77396
90.5302
88.284
86.02385
84.39
82.9174
81.46697
79.64674
77.89959
76.40939
73.83937
72.53522
71.31
70.57179
69.59659
68.85236
68.34019
68.50177
68.58559
67.79386
66.98486
66.11621
65.05823
64.39516
62.77945
61.11022
59.83194
58.57145
56.91887
55.65607
53.84942
52.10125
49.68518
46.44218
44.84995
44.98876
43.52
43.15946
42.96307
42.56477
41.92492
40.06961
38.61131
37.60228
35.81407
34.74268
33.92913
33.9375
34.51605
33.96613
32.40916
30.50681
29.4937
29.47565
28.96215
26.59424
25.49909
25.1289
25.40715
24.04396
23.51665
22.31358
21.19221
21.02891
19.36126
16.61076
14.89092
12.35
11.20126
10.29811
9.505388
8.948494
8.61917
5.298085
-99
-99
-99
-99
-99
-99
-99
-99
-99
-99
-99
-99
-99
-99
-99
-99
-99
-99
111.9032
109.0776
109.9539
109.3252
107.5935
104.0885
100.26
98.31668
95.97404
93.39706
90.62467
88.03616
85.57832
84.39
83.08624
81.33563
79.58934
77.81152
76.10558
73.14352
71.31
70.24245
69.19462
68.35294
67.78365
67.63309
67.40208
66.91277
66.475
65.9052
64.85118
64.1375
63.02979
61.80173
60.3
59.30796
57.95044
56.59156
55.16468
53.5298
50.53444
47.97326
47.87873
46.94187
45.79594
43.52
42.76434
42.51144
42.01385
41.85408
41.88371
41.34188
39.41985
37.52425
37.14707
37.14707
36.32415
34.06736
31.45619
30.50506
29.35362
27.41029
25.63891
24.80969
23.70377
23.04631
21.6072
20.83886
19.23351
19.95
21.50227
20.94095
20.17527
19.12903
17.23549
16.2924
16.29462
15.3258
14.03181
13.17458
11.77835
10.46
7.480258
4.198205
-99
-99
-99
-99
-99
-99
-99
-99
-99
-99
-99
-99
-99
-99
-99
-99
-99
113.7988
111.9976
108.7775
107.9416
108.5037
106.8412
102.7764
99.96385
97.65351
94.86856
91.74767
88.86503
86.05795
84.39
82.57002
80.90556
79.48296
77.50713
75.22236
72.08961
70.55322
69.34922
68.64132
67.6146
66.93862
66.43083
65.83123
65.1498
64.72285
64.01183
62.99601
62.18462
61.05121
59.90517
58.94465
58.23272
57.18836
55.97565
54.90809
53.80264
51.69592
48.30893
47.16479
45.6211
44.39964
42.39851
40.8999
40.95427
40.37982
40.29298
39.55626
39.10725
38.87796
38.11064
36.73494
34.81375
32.97098
31.3173
30.33204
28.52557
26.52424
24.77698
23.60824
21.42275
19.5961
18.75644
18.74074
18.29699
17.57558
16.87974
18.08161
-99
-99
-99
-99
-99
-99
10.99251
10.46
9.912421
10.24659
10.46
10.43173
6.430449
-99
-99
-99
-99
-99
-99
-99
-99
-99
-99
-99
-99
-99
-99
-99
-99
-99
110.9794
111.7557
110.2069
107.0154
106.9197
108.0982
106.2402
103.2798
100.26
96.85873
93.256
90.07507
87.14092
84.39
82.40515
80.41535
78.42298
76.18901
73.9091
71.15332
69.32825
67.82195
67.3289
66.44988
65.50763
64.81264
64.11427
63.53699
62.73469
61.31357
60.07302
59.04457
58.31978
57.46889
56.77894
55.76616
54.43199
52.551
50.59134
49.1777
47.01288
43.52
42.39988
40.55209
39.44591
38.75004
37.55703
37.16
37.84924
38.00364
37.85429
37.16
36.69804
36.03312
34.37328
33.25402
31.7
29.61224
27.78678
26.30651
25.02534
23.24
21.49286
19.84093
18.62411
16.92749
15.48716
14.70385
13.10012
-99
-99
-99
-99
-99
-99
-99
-99
-99
-99
-99
7.172393
7.123705
9.547122
8.649563
4.656785
4
-99
-99
-99
-99
-99
-99
-99
-99
-99
-99
-99
-99
-99
-99
-99
104.3836
107.0485
108.8112
108.1017
108.5659
108.8331
108.4927
106.3377
104.6041
100.26
96.84361
92.63448
88.58411
85.84229
82.96687
80.36334
77.61107
75.29187
73.22615
70.23222
68.43909
66.65585
65.31364
64.35801
63.60336
62.86375
61.77606
60.3
58.76248
57.3829
55.14184
52.64357
51.01632
50.34207
50.06532
49.58596
49.56763
49.46299
48.49212
47.03906
45.58512
43.28451
41.98082
40.65751
38.85938
36.83068
36.18628
35.07509
34.98296
35.37223
35.14231
34.95148
34.42602
33.7794
33.02925
31.44398
28.83081
27.05409
25.68585
23.47539
20.91277
17.04
14.58
14.13866
14.86449
13.85166
10.24313
-99
-99
-99
-99
-99
-99
-99
-99
-99
-99
-99
-99
-99
5.227895
5.305583
5.075888
7.130508
5.999671
5.580847
5
6
-99
-99
-99
-99
-99
-99
-99
-99
-99
-99
-99
-99
-99
99.10367
102.7701
107.2164
110.461
109.805
109.9349
109.6529
108.1045
107.3016
105.9935
102.6124
97.06451
91.31236
87.63048
84.39
81.64373
77.75639
74.50981
72.20017
68.99474
66.49427
64.31581
62.35094
61.17295
60.3
59.52313
58.43539
56.67883
54.46088
51.18279
50.35307
50.66757
50.32711
49.65477
47.98587
46.56165
45.13712
43.90873
43.12988
41.94999
40.90309
38.9359
35.84761
33.34723
32.57581
31.66092
31.17179
30.19031
30.55739
30.6
30.6
30.6
30.6
30.6
30.6
28.57374
26.82825
26.27413
22.99096
20.60929
19.40091
17.211
14.32645
11.72917
9.775362
-99
-99
-99
-99
-99
-99
-99
-99
-99
-99
-99
-99
-99
-99
-99
-99
-99
-99
6
6
6
6
6
5
5
5
-99
-99
-99
-99
-99
-99
-99
-99
-99
-99
95.18061
100.1777
105.9027
110.085
110.7589
110.4883
111.4986
109.4933
108.8889
108.2699
107.1474
102.0376
94.92229
89.91282
85.90742
82.59356
77.11378
73.35031
70.00738
66.80955
64.5133
61.16945
58.88212
58.57618
57.78942
57.72626
57.41003
55.82408
51.22
50.90113
50.16768
48.51554
46.88132
42.70689
39.76027
40.91736
39.28825
37.16
36.11971
36.13328
36.00667
35.8488
34.45097
32.54439
30.04691
27.90627
25.86066
23.61232
21.74234
21.41133
21.39913
19.40902
-99
-99
-99
21.66291
22.52982
21.26471
18.40501
19.585
16.45009
14.52625
12.51341
10.27065
-99
-99
-99
-99
-99
-99
-99
-99
-99
-99
-99
-99
-99
-99
-99
-99
-99
-99
-99
-99
-99
-99
-99
6
5
5
5
4.5
-99
-99
-99
-99
-99
-99
-99
-99
-99
89.21757
95.56268
100.2437
107.4697
110.4868
110.6455
112.3439
111.8284
109.8652
109.9788
109.7436
107.978
101.7075
94.03604
88.18519
83.57375
77.40015
72.50328
67.73012
64.1393
62.38938
60.3
59.16633
57.04622
56.0864
56.19047
55.34419
51.22
49.48705
48.63839
46.45763
42.53711
37.9607
35.70927
34.97655
32.2065
33.36747
33.48114
31.47403
32.41685
33.07384
32.45134
31.7
29.70617
27.63938
25.49178
24.17323
22.25346
19.89674
17.83756
13.97163
-99
-99
-99
-99
-99
-99
-99
-99
9.037709
9.941146
9.511874
8.841198
-99
-99
-99
-99
-99
-99
-99
-99
-99
-99
-99
-99
-99
-99
-99
-99
-99
-99
-99
-99
-99
-99
-99
-99
-99
-99
-99
5
4.5
4
-99
-99
-99
-99
-99
-99
-99
-99
84.39
91.99355
98.52639
102.6348
109.2387
111.5285
111.8157
113.1376
112.3715
111.0121
110.9749
110.5667
108.8719
104.8067
94.07266
85.38377
78.23142
71.98765
66.93102
63.33056
61.58949
59.4257
58.78837
56.94084
55.8025
54.62083
51.22
50.47601
48.63943
42.53399
37.94584
31.7
-99
-99
-99
-99
-99
24.99023
24.60072
23.7573
21.43247
21.1755
24.01336
25.16103
22.39607
21.03054
19.57448
17.72943
15.88566
12.27269
9.693153
-99
-99
-99
-99
-99
-99
-99
-99
-99
-99
-99
-99
-99
-99
-99
-99
-99
-99
-99
-99
-99
-99
-99
-99
-99
-99
-99
-99
-99
-99
-99
-99
-99
-99
-99
-99
-99
-99
-99
-99
-99
4
1.035714
-99
-99
-99
-99
-99
-99
-99
79.60519
86.61385
95.44425
100.26
108.0833
111.4158
112.0823
113.0485
113.472
112.5336
111.9876
112.741
112.7846
111.9599
101.3262
88.13329
78.80696
71.28986
65.89726
62.61506
60.03728
58.76286
57.56006
56.65908
54.70725
52.9183
49.82615
45.51078
42.9649
37.06961
31.7
-99
-99
-99
-99
-99
-99
-99
-99
-99
-99
14.43124
15.67353
16.83351
16.16141
15.96094
14.58
12.04742
9.881725
7.563222
6.825763
-99
-99
-99
-99
-99
-99
-99
-99
-99
-99
-99
-99
-99
-99
-99
-99
-99
-99
-99
-99
-99
-99
-99
-99
-99
-99
-99
-99
-99
-99
-99
-99
-99
-99
-99
-99
-99
-99
-99
-99
-99
-99
1.019231
3
-99
-99
-99
-99
-99
-99
76.51183
82.85537
89.57121
96.7321
105.9924
110.4905
112.2221
112.3926
112.5664
112.7512
112.8673
113.2741
114.4717
114.3675
107.8726
93.97107
75.05514
69.81259
61.00278
55.18547
60.0464
56.38445
54.00028
54.70572
52.00845
48.0221
37.52228
33.35737
-99
-99
-99
-99
-99
-99
-99
-99
-99
-99
-99
-99
-99
-99
11.91097
11.52957
11.01261
10.18092
9.447111
8.503874
7.219746
-99
-99
-99
-99
-99
-99
-99
-99
-99
-99
-99
-99
-99
-99
-99
-99
-99
-99
-99
-99
-99
-99
-99
-99
-99
-99
-99
-99
-99
-99
-99
-99
-99
-99
-99
-99
-99
-99
-99
-99
-99
-99
-99
-99
-99
3
2.5
2.5
-99
-99
-99
-99
74.49052
80.69521
87.29649
92.89828
101.659
107.6967
111.3778
110.799
111.6479
112.3778
113.1249
114.4135
114.1932
112.7604
111.0065
100.26
82.0918
73.3326
61.56241
59.2947
59.45918
53.33604
55.10381
53.20605
50.45422
47.85307
39.67305
32.30746
-99
-99
-99
-99
-99
-99
-99
-99
-99
-99
-99
-99
-99
-99
-99
-99
-99
-99
-99
-99
-99
-99
-99
-99
-99
-99
-99
-99
-99
-99
-99
-99
-99
-99
-99
-99
-99
-99
-99
-99
-99
-99
-99
-99
-99
-99
-99
-99
-99
-99
-99
-99
-99
-99
-99
-99
-99
-99
-99
-99
-99
-99
-99
-99
-99
-99
-99
-99
1.5
1.5
1.5
-99
-99
72.28773
78.66501
86.73735
93.0061
99.69116
105.2749
109.3754
109.7906
110.1971
111.6259
112.373
113.8131
114.8468
112.2005
108.8811
104.119
92.3237
79.23201
69.66186
62.84937
60.3
56.89269
54.58438
50.42794
48.46496
45.417
42.12
33.56293
30.11223
25.11042
17.86335
-99
-99
-99
-99
-99
-99
-99
-99
-99
-99
-99
-99
-99
-99
-99
-99
-99
-99
-99
-99
-99
-99
-99
-99
-99
-99
-99
-99
-99
-99
-99
-99
-99
-99
-99
-99
-99
-99
-99
-99
-99
-99
-99
-99
-99
-99
-99
-99
-99
-99
-99
-99
-99
-99
-99
-99
-99
-99
-99
-99
-99
-99
-99
-99
-99
-99
-99
1
1
-99
71.17634
76.54185
84.22537
92.05109
99.65693
104.6203
106.8761
107.5553
108.068
109.3487
110.4831
112.0673
113.4475
112.4605
108.8415
104.936
99.31609
87.08932
77.59423
69.95889
64.84008
58.73978
54.38424
45.19207
45.83089
42.34017
36.56582
28.19573
26.96112
23.24
15.80017
-99
-99
-99
-99
-99
-99
-99
-99
-99
-99
-99
-99
-99
-99
-99
-99
-99
-99
-99
-99
-99
-99
-99
-99
-99
-99
-99
-99
-99
-99
-99
-99
-99
-99
-99
-99
-99
-99
-99
-99
-99
-99
-99
-99
-99
-99
-99
-99
-99
-99
-99
-99
-99
-99
-99
-99
-99
-99
-99
-99
-99
-99
-99
-99
-99
-99
-99
-99
-99
-99
71.31
77.08348
83.12212
90.12972
97.77331
102.1437
104.584
104.4853
105.2954
106.3133
108.1119
109.3739
110.9784
111.264
109.5171
105.2155
101.977
94.52324
84.01287
76.549
73.55531
60.99536
54.00535
45.6572
37.71417
34.81015
-99
-99
-99
-99
-99
-99
-99
-99
-99
-99
-99
-99
-99
-99
-99
-99
-99
-99
-99
-99
-99
-99
-99
-99
-99
-99
-99
-99
-99
-99
-99
-99
-99
-99
-99
-99
-99
-99
-99
-99
-99
-99
-99
-99
-99
-99
-99
-99
-99
-99
-99
-99
-99
-99
-99
-99
-99
-99
-99
-99
-99
-99
-99
-99
-99
-99
-99
-99
-99
-99
-99
-99
-99
-99
-99
68.91611
75.28311
81.10676
88.76999
94.80711
98.8915
99.8142
101.3599
102.5892
103.6658
105.3211
105.8839
107.0326
108.0437
107.6501
105.4328
102.0636
97.75642
90.77109
81.9752
77.45758
73.35657
62.22124
49.23671
44.8886
40.00751
-99
-99
-99
-99
-99
-99
-99
-99
-99
-99
-99
-99
-99
-99
-99
-99
-99
-99
-99
-99
-99
-99
-99
-99
-99
-99
-99
-99
-99
-99
-99
-99
-99
-99
-99
-99
-99
-99
-99
-99
-99
-99
-99
-99
-99
-99
-99
-99
-99
-99
-99
-99
-99
-99
-99
-99
-99
-99
-99
-99
-99
-99
-99
-99
-99
-99
-99
-99
-99
-99
-99
-99
-99
-99
-99
68.71784
73.19529
79.06087
85.93076
91.6189
94.42476
97.13188
99.01211
99.76309
100.26
101.3648
102.5607
101.7866
102.3508
102.3581
103.7671
101.5162
98.64868
93.79431
87.92368
79.93957
75.56416
70.71027
59.73104
46.86233
48.96689
43.52
39.12373
-99
-99
-99
-99
-99
-99
-99
-99
-99
-99
-99
-99
-99
-99
-99
-99
-99
-99
-99
-99
-99
-99
-99
-99
-99
-99
-99
-99
-99
-99
-99
-99
-99
-99
-99
-99
-99
-99
-99
-99
-99
-99
-99
-99
-99
-99
-99
-99
-99
-99
-99
-99
-99
-99
-99
-99
-99
-99
-99
-99
-99
-99
-99
-99
-99
-99
-99
-99
-99
-99
-99
-99
-99
68.766
72.44951
76.7196
81.89105
86.50565
90.08889
92.8632
94.57553
95.8448
96.10825
96.02449
97.78661
97.15617
99.68262
101.2909
100.26
101.2737
100.26
96.43202
90.93163
86.59189
76.82094
70.67667
66.20486
60.14105
51.22
53.29281
51.05511
49.87332
47.36783
39.84947
-99
-99
-99
-99
-99
-99
-99
-99
-99
-99
-99
-99
-99
-99
-99
-99
-99
-99
-99
-99
-99
-99
-99
-99
-99
-99
-99
-99
-99
-99
-99
-99
-99
-99
-99
-99
-99
-99
-99
-99
-99
-99
-99
-99
-99
-99
-99
-99
-99
-99
-99
-99
-99
-99
-99
-99
-99
-99
-99
-99
-99
-99
-99
-99
-99
-99
-99
-99
-99
-99
66.55601
70.25748
75.0489
79.51766
83.11845
86.74612
89.21866
90.85523
92.852
93.5978
94.49622
95.44214
95.69043
98.38751
99.43277
100.2281
99.22605
99.19507
98.35983
94.45751
89.9596
83.93074
75.29223
68.23559
64.00199
60.01542
56.811
52.95088
51.22
50.54782
50.35908
-99
-99
-99
29.50489
27.04196
-99
-99
-99
-99
-99
-99
-99
-99
-99
-99
-99
-99
-99
-99
-99
-99
-99
-99
-99
-99
-99
-99
-99
-99
-99
-99
-99
-99
-99
-99
-99
-99
-99
-99
-99
-99
-99
-99
-99
-99
-99
-99
-99
-99
-99
-99
-99
-99
-99
-99
-99
-99
-99
-99
-99
-99
-99
-99
-99
-99
-99
-99
-99
-99
-99
63.7517
66.32533
70.37566
75.13962
79.26378
83.11248
86.03098
88.83681
91.97071
92.79508
93.88837
95.45049
96.86703
96.3326
97.45199
98.04872
98.82401
96.51543
96.67039
97.45981
93.89883
86.13127
81.69049
74.48097
68.0052
64.14707
60.16407
56.3563
54.17859
51.05428
50.43314
48.50584
45.66418
41.5912
37.12864
35.15634
33.35126
30.06141
-99
-99
-99
-99
-99
-99
-99
-99
-99
-99
-99
-99
-99
-99
-99
-99
-99
-99
-99
-99
-99
-99
-99
-99
-99
-99
-99
-99
-99
-99
-99
-99
-99
-99
-99
-99
-99
-99
-99
-99
-99
-99
-99
-99
-99
-99
-99
-99
-99
-99
-99
-99
-99
-99
-99
-99
-99
-99
-99
-99
-99
-99
-99
57.29554
62.43731
66.25567
70.42823
75.29819
79.31142
82.74378
87.17963
90.41441
93.01061
92.41281
92.77248
94.44584
95.27663
94.43677
94.50063
95.39834
95.97922
94.0718
93.97514
95.09979
92.11948
86.20004
81.20251
73.71689
68.34684
63.35115
59.95506
58.01854
54.64655
51.68099
49.47164
45.53362
43.34075
41.23221
39.0719
36.58662
35.38932
32.45135
28.45933
-99
-99
-99
-99
-99
-99
-99
-99
-99
-99
-99
-99
-99
-99
-99
-99
-99
-99
-99
-99
-99
-99
-99
-99
-99
-99
-99
-99
-99
-99
-99
-99
-99
-99
-99
-99
-99
-99
-99
-99
-99
-99
-99
-99
-99
-99
-99
-99
-99
-99
-99
-99
-99
-99
-99
-99
-99
-99
-99
-99
-99
<EndGridData2D>
