PROJ4_STRING              : +proj=longlat +datum=WGS84 +no_defs
COMENT1                   : Grid generated by MOHID Studio
COMENT2                   : Generation Time: 1/25/2019 7:47:46 PM
LATITUDE                  : 46.9376
LONGITUDE                 : -2.6372
COORD_TIP                 : 4
ILB_IUB                   : 1 49
JLB_JUB                   : 1 87
ORIGIN                    : -4.3772 45.9576
GRID_ANGLE                : 0
CONSTANT_SPACING_X        : 1
CONSTANT_SPACING_Y        : 1
DX                        : 0.04
DY                        : 0.04
FILL_VALUE                : -99
<BeginGridData2D>
3489.30026990553
3029.29940828402
2682.41875843455
2601.75276653171
2582.68862590401
2092.75276653171
1926.18185404339
1605.69041835358
1163.50580296896
931.879158448387
657.331983805668
307.579355687049
205.56383265857
170.960863697706
154.671531886917
149.211336032389
146.403550295858
142.915924426451
139.847368421053
140.9161078238
141.656140350877
140.38382642998
137.777327935223
136.099460188934
132.475476660092
132.294197031039
130.355687047995
129.579892037787
128.180296896086
125.429585798816
123.002429149798
123.927021696252
123.27314439946
122.609176788124
122.174621959237
118.508097165992
115.273898750822
111.052766531714
112.583400809717
112.118343195266
110.784615384616
107.599211045365
105.966801619433
105.312145748988
101.733990795529
100.839406207827
99.1877712031557
94.2363022941973
88.2085020242916
81.5086127547668
78.8546558704452
78.7008547008548
78.7865047233469
74.3906882591095
70.6791584483894
65.4439946018893
62.730966469428
61.2551956815114
59.4574898785425
57.4295857988167
53.8860998650472
50.1449046679816
47.874089068826
46.6412955465588
44.3842209072978
42.4028340080972
40.3790927021696
37.6946018893388
34.9527665317139
32.3422748191978
29.3923076923076
25.1938198553582
19.7960863697705
10.7705802968961
-99
-99
-99
-99
7.08531755915319
7.57434210526318
2.94831309041836
-99
-99
-99
-99
-99
-99
2886.90221606649
3108.13886639676
2657.54695290859
1916.03545706372
1615.19811066127
1142.366066482
1125.22334682861
1067.41952908587
964.156232686981
850.656950067476
433.825623268698
205.867611336033
167.729778393352
155.126869806094
149.889338731444
145.723822714681
143.303238866397
141.20650969529
138.573822714681
135.752226720648
136.518559556787
139.912550607287
138.219944598338
136.213850415513
132.192442645074
128.980747922438
126.290013495277
123.536980609418
126.519529085872
125.521187584345
126.7391966759
125.35991902834
124.568559556787
120.577008310249
115.915384615385
112.751523545706
108.817813765182
109.700138504155
112.348199445983
110.15020242915
108.29376731302
105.128879892038
104.992105263158
105.179501385042
101.169365721997
98.0718836565099
95.8609986504722
92.048753462604
84.9149584487536
80.3183535762484
78.4860110803325
76.9840755735492
75.4548476454295
71.9875346260388
70.6143049932525
65.5760387811635
61.0013495276652
57.2430747922437
53.6771468144043
50.3284750337382
48.5495844875346
46.9636977058029
45.841135734072
44.2671745152354
42.2326585695007
39.9486149584487
36.7001349527665
32.9409972299169
30.3878116343491
27.3661268556005
24.8487534626039
22.8774628879892
21.457756232687
13.7508310249307
-99
-99
3.00649925037481
7.56565096952908
8.44833795013851
9.38847307430134
2.60548231511254
-99
-99
-99
-99
-99
-99
2239.08144044322
2382.01767881242
2726.53988919668
2218.69307479225
1760.32766531713
1199.95027700831
598.119973009446
490.158033240998
362.743351800554
228.674224021593
184.629501385042
156.095411605938
151.261495844875
149.932132963989
145.520107962213
143.198614958447
142.170985155195
141.439889196676
139.484349030471
138.933603238866
139.163573407202
140.148313090418
137.838088642659
134.898476454294
131.377597840756
129.703601108033
128.500134952767
127.194736842105
124.938781163435
122.809446693657
123.123130193906
121.848582995952
120.606786703601
115.96648199446
114.687989203779
113.229778393352
114.1
112.980055401662
112.430747922438
111.387044534413
109.568421052632
104.982995951417
103.678254847646
104.925623268698
100.745209176788
96.6882271468147
93.0269905533067
85.7495844875346
79.5945983379502
77.0176788124156
72.0979224376732
66.7712550607289
61.3965373961219
61.5425207756231
64.5272604588394
63.4641274238227
59.2997300944669
55.9238227146815
51.9490304709142
49.5765182186235
46.2174515235456
44.5132253711201
43.7184210526315
42.2437673130193
40.62334682861
36.6580332409972
32.3414304993252
28.3628808864265
24.8862880886427
21.572604588394
19.2468144044322
17.6164642375169
17.2369806094183
12.227700831025
3.07678955453148
6.90873691556176
14.1427800269906
16.703324099723
13.9130193905817
8.44075573549256
5.72119113573407
-99
-99
-99
-99
-99
-99
1605.07314439946
2110.19526627219
1884.38947368421
1424.09176788124
1172.19342537804
808.065721997301
608.711900065745
303.975033738192
179.826180836708
160.618408941486
151.235627530364
147.458645627877
146.510796221323
149.296761133603
147.0224852071
144.246153846154
144.555555555555
142.822267206478
139.080026990553
135.91124260355
136.434682860999
138.196186719264
136.748987854251
133.925371120108
133.394740302433
131.888663967612
127.356738987508
125.557624831309
125.982456140351
124.514135437213
123.267611336032
121.256147271532
119.202564102564
119.804858299595
117.034319526627
115.45681511471
112.231295200526
109.370985155196
111.346018893388
108.491255752795
104.924561403509
104.214727153189
101.821727395412
102.149527665317
99.9020381328074
95.994601889339
90.2106508875741
80.3137651821862
71.3658569500676
62.6497041420119
58.3395411605938
52.0472057856674
51.5113360323887
58.0554655870446
59.4145956607495
59.395681511471
56.0652202498357
52.3348178137652
49.4635627530365
50.2973044049967
48.3790823211876
45.3484549638395
42.9414304993251
41.2199730094466
37.4368178829717
33.1820512820512
29.7994740302433
24.9522267206478
21.8877192982456
19.5725180802104
20.295411605938
20.146614069691
20.7095816464238
22.3631578947369
27.5564760026298
31.1893387314439
29.3518737672583
22.0580296896087
12.9175438596492
8.23155818540433
3.59971014492754
-99
-99
-99
-99
-99
-99
1345.33850415513
1813.01686909582
1347.12617728532
928.128531855956
696.083400809716
363.098614958449
228.820512820513
174.649584487535
158.640443213296
152.704588394062
151.43324099723
146.424696356275
144.231717451524
145.486703601108
145.100269905533
145.417174515235
142.90310391363
141.098199445983
137.861772853186
136.340620782726
136.557756232687
137.978137651822
134.476869806094
132.740858725762
133.129689608637
131.724653739613
128.404453441296
127.91108033241
125.506232686981
122.264777327935
121.029778393352
120.190553306343
116.899861495845
116.032825484765
115.092982456141
112.254293628809
111.493252361673
109.828808864266
108.458587257618
110.014979757085
105.439750692521
103.684480431849
101.917590027701
98.4314404432134
95.8983805668015
92.0969529085874
86.615249662618
76.5192520775623
68.0652354570637
51.9597840755735
38.6560941828255
42.8292847503373
42.5396121883656
49.007894736842
55.6070175438596
56.0192520775623
50.4425101214575
50.7045706371192
49.7195290858726
47.6516869095816
47.2013850415512
43.7985155195681
42.0483379501384
40.8196675900275
38.4157894736842
32.0465373961218
28.2310391363024
23.3260387811634
20.441135734072
19.246963562753
20.1630193905817
22.21673414305
22.4080332409973
18.8707756232687
14.8182186234818
10.4169161676647
5.96061855670102
3.72602230483271
7.88938345864662
3.32510036496351
-99
-99
-99
-99
-99
-99
-99
1204.92564102564
1409.38921761998
851.575033738192
725.082860998649
402.135042735043
214.263562753037
177.050624589086
160.433603238866
155.747503373819
150.770282708744
146.495816464238
143.311900065746
143.539946018893
144.638056680162
141.305588428665
142.724831309042
141.768967784353
139.644669365722
135.220782726046
132.584878369494
131.860863697706
133.88231426693
132.598650472335
130.54709851552
128.959894806049
128.717678812416
127.979881656805
125.864777327935
122.09028340081
118.500591715977
116.47004048583
113.35963182117
114.652901484481
113.299595141701
111.945430637738
111.269500674764
109.166732412887
105.483130904184
105.772469635628
106.934122287968
104.573684210527
101.297435897436
97.9476383265858
94.2665317139003
90.5200525969759
84.8102564102562
79.1005917159762
69.0309041835356
52.2592442645075
41.3839579224195
43.0102564102564
45.1673898750821
42.1790823211876
41.4684210526316
47.2348454963839
50.9958164642375
49.2582511505588
45.2630229419703
47.4839406207826
45.6615384615385
44.6834008097165
42.5452991452991
41.2713900134952
40.1550607287448
35.6637738330046
31.776383265857
28.0674556213018
24.112955465587
19.3519568151148
16.6689020381328
12.9448043184886
6.57015961138099
2.02407660738713
2.41691056910568
-99
-99
-99
1.25224528301887
4.74480061349691
-99
-99
-99
-99
-99
-99
-99
-99
1229.93421052632
832.443049932523
381.680055401663
255.813157894737
220.904048582996
184.456232686981
166.172199730095
156.343490304709
152.613157894737
148.173414304993
146.309695290859
142.198380566802
143.153462603878
143.819113573407
141.341970310391
139.253324099723
140.390958164642
139.435318559557
134.748060941828
130.514979757085
128.615927977839
127.381106612686
129.670083102493
129.342936288089
130.090688259109
126.066343490305
124.86383265857
123.717451523546
121.014819944599
119.72726045884
118.411634349031
116.315789473684
117.847506925208
115.356925207757
111.961133603239
111.090997229917
108.288663967612
107.246675900277
107.323130193906
106.117948717949
102.892520775623
99.3102564102566
95.2393351800554
86.1103878116345
75.7713900134954
61.5619113573408
51.3080971659919
51.4853185595569
52.3336565096953
48.5514170040487
48.9869806094182
49.2542510121458
43.7105263157895
40.931163434903
41.9202429149798
45.2070637119113
48.0807017543859
44.0493074792244
42.895567867036
43.8062078272604
42.3657894736842
41.3369770580297
39.0499999999999
36.5923822714682
33.825101214575
30.7729916897507
27.1103913630229
22.6440443213297
16.0131578947369
9.58299595141701
1.33623445825932
-99
-99
-99
-99
-99
4.7153846153846
3.88725761772852
2.21939058171746
-99
-99
-99
-99
-99
-99
-99
-99
1077.42409972299
717.066531713898
340.517728531857
230.928393351801
193.59028340081
171.879916897507
158.396356275304
151.990304709141
148.568836565097
147.051821862349
145.281163434903
141.999325236167
139.469252077562
140.543213296399
137.167071524966
137.630886426593
136.890688259109
136.070498614959
133.594459833795
131.319298245614
130.177700831025
127.926585695007
127.669667590028
125.840581717452
125.14358974359
125.136426592798
124.213765182186
123.175207756233
120.34376731302
119.274089068826
118.488504155125
116.54399460189
116.754016620499
115.169667590028
113.014304993252
110.71648199446
108.844939271255
108.035734072022
105.403047091413
102.378677462888
97.0080332409973
94.3091767881243
92.8775623268699
82.9189750692521
70.5632928475034
60.8847645429363
59.4925775978408
59.7790858725762
56.2126038781163
51.331713900135
51.8682825484763
48.823616734143
43.2875346260388
41.4685595567866
41.1929824561403
42.3427977839334
45.5753036437246
42.440027700831
42.122299168975
41.6391363022941
40.6103878116343
38.695681511471
35.7272853185595
31.8534626038781
28.4688259109312
25.3315789473684
23.3113360323887
16.9724376731302
9.69695290858721
3.28731443994602
3.73753424657534
-99
13.8024123879381
17.0211911357341
16.5276653171391
12.379916897507
7.93913630229416
4.06329639889196
1.37676890156918
-99
-99
-99
-99
-99
-99
-99
-99
755.64358974359
736.022090729782
375.074898785426
219.093657219973
174.902169625246
156.957354925776
149.304667981591
148.37705802969
146.221457489879
144.813412228797
143.704453441295
142.752399737016
140.661808367072
138.607962213225
138.223537146615
138.060053981106
137.794871794872
137.059784075574
135.271120107963
131.990532544379
127.747638326586
126.057067718606
124.86383265857
125.826720647773
125.586850756082
123.934817813765
123.264036817883
122.616464237517
121.203778677463
118.308744247206
116.606072874494
112.937804076266
112.412145748988
113.144129554656
112.347271531887
111.039406207827
106.324391847469
105.92726045884
103.685964912281
98.8500986193295
90.6495276653173
92.8708744247206
90.000944669366
85.7106612685562
80.3184746877056
75.3317139001351
70.0236686390535
64.417543859649
59.0653171390014
53.6168310322158
50.5796221322537
47.8836291913214
44.8028340080971
42.3543859649122
40.6316896778434
40.8338731443993
40.4002629848784
39.3442645074224
39.5302294197029
39.7964497041419
36.8813765182186
35.5984220907298
31.9681511470985
27.9788124156545
23.6930966469428
20.468286099865
19.7614727153189
14.2538461538462
13.5612685560054
18.1965811965812
20.3971659919029
25.1312294543063
20.1244264507423
11.9342780026991
8.04996712689021
5.7877192982456
2.28045774647887
-99
-99
-99
-99
-99
-99
-99
-99
-99
-99
204.524376731302
270.151956815115
203.068282548477
161.593213296399
151.659244264507
148.293213296398
147.89689608637
145.298753462604
143.821606648199
143.032793522267
141.277285318559
140.734952766532
138.633933518005
138.43864265928
138.538461538462
136.728254847646
137.315249662618
134.536703601108
134.73836565097
130.888394062078
127.295567867036
126.690553306343
123.701246537396
117.097922437673
124.182186234818
124.502493074792
121.882321187584
119.317590027701
120.323545706371
117.953171390013
116.022576177286
114.831713900135
113.645152354571
111.663850415513
110.037516869096
108.169806094183
104.602159244265
103.484487534626
100.693628808865
95.2360323886639
86.6868421052634
89.6121457489881
88.3704986149586
84.3336565096953
79.9802968960865
76.439750692521
71.6442645074226
65.2675900277008
60.5347645429364
56.4338731443995
52.8475069252078
49.3186234817814
45.5444598337949
42.2583102493074
40.6770580296896
40.5232686980607
36.4452091767881
33.7439058171745
33.253324099723
33.999730094467
33.5103878116344
31.874358974359
28.8936288088643
24.3837950138504
20.7753036437248
18.8631578947368
19.1545209176789
18.0903047091413
18.0072022160665
18.4275303643725
17.8806094182826
13.2916329284751
7.49575551782682
-99
-99
-99
-99
-99
-99
-99
-99
-99
-99
-99
-99
-99
-99
151.781646423752
152.744641683103
151.063562753036
150.115519568151
148.780144641683
147.312955465587
147.022222222222
146.054116059379
143.247368421053
142.04996712689
140.624966261808
140.397896120973
139.662078272604
137.548987854251
138.515187376726
137.591632928475
136.473767258383
133.971390013495
132.212955465587
129.55332018409
124.014709851552
122.191190006575
122.242914979757
122.821187584346
121.10493096647
116.122807017544
117.907823800132
119.332523616734
116.493252361674
114.67744904668
113.464102564103
113.103616042078
111.689203778677
110.435492577598
107.439973701512
105.471390013496
103.691255752794
101.637381916329
99.6095816464241
92.4051282051285
84.4709851551958
85.9529257067719
83.6029689608638
81.9052631578947
78.1430637738332
73.5871794871796
68.350821827745
63.5327935222673
59.891093117409
56.1404339250493
53.1202429149797
49.3258382642998
45.4630229419702
42.2326585695006
40.6545693622614
39.964507422402
35.8431295200525
35.0205128205128
33.8479082321188
32.634188034188
30.3326585695007
27.8458908612755
25.2495276653171
21.6176788124157
19.1629191321499
18.1311740890689
17.7489809335963
15.9271255060729
13.87665317139
13.1425378040763
9.78812415654528
6.52175084175087
-99
-99
-99
-99
-99
-99
-99
-99
-99
-99
-99
-99
-99
-99
-99
151.973268698061
151.975033738191
149.220360110803
149.482132963989
151.022267206478
148.49916897507
145.293792172739
144.757340720222
144.549030470915
143.842240215924
141.197368421053
137.712280701755
136.584210526316
137.080747922438
137.991093117409
136.424792243767
133.332523616735
132.097506925208
130.41108033241
127.071794871795
123.643074792244
121.635897435898
119.144875346261
118.254293628809
118.637516869096
119.477977839335
117.905128205128
117.354986149585
116.877008310249
115.244939271255
112.575346260388
108.939406207827
106.849861495845
107.438088642659
105.678812415655
105.640997229917
104.963697705803
101.534626038781
95.8725761772856
89.3800269905534
83.1536011080333
82.27354925776
80.0792243767314
76.93891966759
74.6125506072875
71.7236842105264
65.8097165991903
60.5380886426593
58.009972299169
53.755060728745
51.2764542936288
47.8774628879892
45.1224376731301
42.2368421052632
40.7807017543858
40.2725761772851
37.663967611336
36.1795013850416
33.8894736842105
32.6168690958165
29.5743767313019
26.1268556005399
23.5432132963989
20.6440443213295
18.4862348178137
16.9957063711912
15.3209176788124
10.4170767004342
-99
-99
-99
-99
-99
-99
-99
-99
-99
-99
-99
-99
-99
-99
-99
-99
-99
-99
-99
154.098476454294
153.752766531714
150.523268698061
146.976454293629
147.292307692308
147.242382271468
146.305668016194
143.950969529086
141.147922437673
140.323076923077
138.474099722991
137.058434547908
136.524238227147
136.263988919668
135.516599190284
135.232825484765
131.068960863698
128.141274238227
126.893074792244
126.326315789474
122.233656509695
120.034143049932
121.126038781164
121.015235457063
119.961673414305
116.40484764543
114.8
117.452908587258
116.242659279778
113.484750337382
111.92728531856
111.533738191633
109.329224376731
106.364681440443
104.857219973009
102.882825484764
101.70391363023
98.2682825484766
93.2447368421051
87.096626180837
82.0860110803325
80.1286099865047
77.3072022160667
74.1031855955681
70.9279352226722
67.6382271468144
64.9063427800272
60.6229916897507
55.8479224376731
51.7001349527665
48.9713296398891
46.1951417004048
43.1944598337949
41.9533240997229
40.953576248313
40.4105263157894
37.7365721997301
33.976592797784
32.0598337950138
29.3686909581646
27.6029085872576
25.4174089068826
23.2271468144044
19.7865650969529
17.1717948717949
13.1439754412893
-99
-99
-99
-99
-99
-99
-99
-99
-99
-99
-99
-99
-99
-99
-99
-99
-99
-99
-99
-99
-99
148.070985155196
149.06771860618
149.693927125506
148.462213225371
146.384878369494
144.495681511471
143.58382642998
142.076923076923
139.549122807018
138.033004602236
138.631309041836
135.291124260355
132.148043184885
135.29379217274
135.742800788955
134.15991902834
131.83708086785
129.624021592442
127.243184885289
127.544115713346
125.204723346829
123.012097304405
121.037921727396
120.239541160594
121.470348454964
118.258569500675
116.235108481263
115.429689608637
114.751686909582
113.801314924392
111.650067476384
109.217225509533
108.31322537112
106.306207827261
103.292044707429
101.122402159244
98.5176857330703
94.5947368421054
90.1287449392713
85.4416831032217
81.2703103913632
79.1329388560159
76.3178137651823
72.4477732793524
68.4474687705458
65.1245614035088
61.9388560157792
59.7215924426452
56.5731443994601
51.7884286653518
47.8159244264507
44.4927021696252
43.1422402159244
41.5983805668017
40.0181459566074
39.3039136302294
36.5555555555556
33.5978407557356
31.1117408906882
29.0311637080868
26.4968960863698
23.4837606837607
20.4738191632929
11.3970340136055
-99
-99
-99
-99
-99
-99
-99
-99
-99
-99
-99
-99
-99
-99
-99
-99
-99
-99
-99
-99
-99
-99
-99
145.376869806094
146.079487179487
146.138088642659
146.435180055402
145.039946018893
141.783656509695
141.023616734143
141.669252077563
141.036703601108
139.188259109312
139.220637119113
135.017678812416
134.878808864266
134.888504155125
134.097031039136
131.514542936288
132.180701754386
131.010387811634
130.144459833795
128.324966261808
126.499307479224
125.053441295547
123.348199445983
120.915512465374
119.575708502024
116.959002770083
113.582591093117
111.735457063712
109.233102493075
110.394062078273
109.91108033241
106.656140350877
105.431994459834
104.109141274239
101.079082321188
98.613157894737
96.2130904183538
91.9721606648199
87.8970914127425
83.2410256410258
81.4065096952911
77.9238866396762
74.0037396121883
71.1919667590029
65.9457489878544
63.2495844875346
60.1935222672065
57.5326869806095
56.3605263157895
52.2089068825911
48.3839335180056
45.2056680161942
42.3916897506925
40.8718836565096
39.450742240216
36.4254847645429
34.5748987854251
31.8757617728532
29.3231301939059
26.5825910931175
23.908864265928
19.9438596491228
16.9698060941828
7.59300546448087
-99
-99
-99
-99
-99
-99
-99
-99
-99
-99
-99
-99
-99
-99
-99
-99
-99
-99
-99
-99
-99
-99
-99
141.64318488529
142.989086127548
144.117948717949
143.347638326586
142.664299802761
141.332658569501
141.729651545036
140.590148448043
140.059244264508
137.630900723209
134.557759784076
131.958842866535
130.6995951417
132.484885290149
131.035765943458
131.341835357625
131.418014464168
130.267341430499
127.319298245614
125.957264957265
124.263157894737
121.504273504274
119.031039136302
115.72726045884
114.510716633794
113.468016194332
113.4838921762
112.54048582996
109.351686909582
108.423405654175
108.224156545209
105.126627218935
105.12685560054
102.383535762483
100.572912557528
97.1322537112012
93.8934911242605
89.029419703104
85.2261808367072
82.646285338593
78.6116059379217
75.4310322156477
70.3174089068827
68.4079622132253
64.3697567389875
60.237786774629
58.3459566074952
56.5470985155195
55.1661268556006
51.187245233399
47.4140350877192
43.9650230111768
41.7380566801619
40.2650472334682
36.31452991453
30.2504723346829
27.7406969099277
28.919028340081
26.4885290148449
23.7040105193952
21.1149797570851
16.2316896778435
9.95910931174087
-99
-99
-99
-99
-99
-99
-99
-99
-99
-99
-99
-99
-99
-99
-99
-99
-99
-99
-99
-99
-99
-99
-99
-99
142.814127423823
142.299730094467
143.645429362882
143.819944598338
143.139271255061
141.393628808865
138.351551956815
141.433102493075
140.114681440444
136.589338731444
135.064404432133
133.657894736842
132.507063711911
131.884487534626
128.502834008097
125.496814404432
124.797705802969
124.783102493075
122.711634349031
121.671794871795
118.047368421053
116.089473684211
116.863434903047
117.33891966759
118.552091767881
114.948614958449
113.987044534413
112.210664819945
108.002493074792
105.983535762484
107.08268698061
104.372604588394
102.483379501385
101.421191135734
99.0562753036439
94.5469529085875
90.4044534412956
86.5491689750694
82.8509695290859
79.4936572199732
76.127700831025
71.9724696356276
69.5047091412743
65.9418282548477
61.7257759784075
58.6526315789473
57.051012145749
53.9153739612189
51.0105263157893
47.9882591093118
45.4585872576177
43.0056680161944
39.9403047091413
37.3811634349031
32.1502024291498
27.7011080332409
24.2990553306343
25.87216066482
24.1786703601108
21.4278002699056
18.2997229916898
13.4109311740891
-99
-99
-99
-99
-99
-99
-99
-99
-99
-99
-99
-99
-99
-99
-99
-99
-99
-99
-99
-99
-99
-99
-99
-99
-99
139.713850415513
139.947368421052
142.093074792244
143.996398891967
143.580026990553
142.484487534626
137.490013495277
139.253462603878
137.862603878116
135.770580296896
131.940858725762
131.267206477733
131.318559556787
129.603878116344
127.522132253711
126.820221606648
124.498650472335
124.795429362881
125.347922437673
124.331174089068
122.832271468144
121.808502024292
121.280886426593
119.046537396122
117.600269905533
115.66108033241
113.364642375169
112.413434903047
110.864404432133
106.967071524967
105.076454293629
104.555330634278
100.814819944599
98.4073407202216
94.8450742240216
90.3432132963991
87.2534412955467
84.448891966759
80.7108033240999
76.6686909581648
72.6689750692521
68.8986504723349
65.5441828254848
61.7631578947369
59.082726045884
54.9950138504156
52.1762483130905
49.4616343490304
47.0817174515235
41.8128205128205
36.3173130193906
32.280701754386
30.53324099723
29.8562326869806
28.1044534412955
25.3790858725763
22.5275303643725
20.7538781163435
19.5590027700831
16.8638326585695
12.8963988919668
-99
-99
-99
-99
-99
-99
-99
-99
-99
-99
-99
-99
-99
-99
-99
-99
-99
-99
-99
-99
-99
-99
-99
-99
-99
-99
140.799460188934
139.154766600921
140.811336032389
143.287314439947
142.448520710059
140.322941970311
137.246942800789
137.454116059379
134.848448043185
133.59355687048
132.372604588394
132.646153846154
131.878137651822
130.153576248313
128.276528599606
127.160053981107
125.681919789612
123.788798920378
123.09028340081
121.397107166338
118.976113360324
117.446942800789
115.659514170041
113.479892037787
111.64681130835
111.004993252362
109.406048652202
107.002159244265
105.532793522267
105.379355687048
102.478407557355
100.02905982906
98.9902834008097
96.2282051282053
92.582905982906
87.3562753036439
84.100197238659
79.9530364372472
75.939271255061
71.8587771203157
68.9736842105264
65.9547666009204
62.7264507422402
58.1211875843454
53.5125575279422
50.4843454790824
47.7656804733728
44.0252361673414
38.6448043184885
26.7083411214953
23.0191722972973
12.2372156196944
9.98198092443139
15.9522267206478
19.0424720578567
18.0222672064777
13.0798159105852
12.4418353576248
12.5817813765182
9.01182984469952
-99
-99
-99
-99
-99
-99
-99
-99
-99
-99
-99
-99
-99
-99
-99
-99
-99
-99
-99
-99
-99
-99
-99
-99
-99
-99
-99
140.112049861496
137.50620782726
138.500415512466
139.340997229917
139.52685560054
138.747091412743
135.89028340081
134.345983379501
132.910664819944
133.064237516869
131.431855955679
130.656275303644
129.731163434903
127.997229916897
125.482860998651
122.451385041551
119.517408906883
118.80027700831
119.58864265928
120.395951417004
118.54432132964
117.253171390014
115.108725761773
113.056371191136
112.388529014845
111.553462603879
110.161943319838
108.626454293629
105.847229916898
104.151821862348
101.512188365651
97.3603238866398
95.3225761772855
91.5603878116345
85.189068825911
80.4861495844875
77.4916329284752
75.2864265927979
70.2418282548478
66.6290148448044
64.0731301939059
61.7074224021593
58.3426592797784
54.0427977839336
51.6384615384616
48.1174515235456
43.5538461538461
38.3153739612188
31.6385041551246
15.7948387096774
9.58935666982025
7.15081339712917
8.88254847645427
7.87506925207756
9.32280701754387
9.45886426592796
7.9995951417004
6.83393351800553
4.90880597014925
-99
-99
-99
-99
-99
-99
-99
-99
-99
-99
-99
-99
-99
-99
-99
-99
-99
-99
-99
-99
-99
-99
-99
-99
-99
-99
-99
-99
139.39338731444
138.064036817883
139.114170040486
137.115114709852
135.5161078238
136.965047233468
134.408678500986
130.432793522267
127.839406207827
129.428796844182
129.618218623482
129.253911900066
128.075303643725
127.032658569501
125.644707429323
123.254116059379
120.258908612755
118.332118758435
117.907152496626
119.796318211703
118.306882591093
116.89191321499
114.634547908232
111.806747638327
109.586456278764
110.145748987854
107.587245233399
104.528744939272
102.730634278003
98.6026298487839
95.1554655870446
91.7447731755423
86.6207827260458
81.5653171390015
75.8024983563446
72.5704453441296
70.1913214990139
69.2798920377868
69.285020242915
66.7936883629192
60.9655870445344
56.1300460223537
51.7952766531714
49.1018893387315
48.0929651545037
45.0481781376518
40.8766600920446
34.2338731443995
25.5483130904183
21.6941485864563
15.2507422402159
12.8307692307692
10.5114709851552
6.46626180836706
4.155161078238
3.98515519568152
3.43171745152355
-99
-99
-99
-99
-99
-99
-99
-99
-99
-99
-99
-99
-99
-99
-99
-99
-99
-99
-99
-99
-99
-99
-99
-99
-99
-99
-99
-99
-99
-99
141.047506925208
140.493927125506
139.940581717452
137.891828254848
133.997031039136
132.373268698061
133.909311740891
131.768421052632
128.73351800554
126.442914979757
126.018005540166
125.733198380567
123.706786703601
125.193905817175
124.264912280701
121.671745152355
119.256545209177
116.680193905818
116.920221606649
116.499460188934
116.045429362881
113.117948717949
110.639612188366
108.42756232687
108.5334682861
105.614265927978
103.397300944669
101.031440443213
96.8411357340722
92.0078272604589
87.2081717451525
82.3582995951417
78.8516620498616
73.821052631579
67.0867746288801
63.7853185595568
61.7622132253712
57.9063711911358
61.2357340720221
61.5580296896086
58.4814404432135
52.6912280701755
49.6429362880886
47.899030470914
44.9553306342779
42.0119113573407
34.7170040485829
27.7857340720221
22.8498614958449
21.2676113360324
18.2209141274238
14.3904183535762
10.226731301939
5.8214681440443
1.98097165991903
0.540951986754965
-99
-99
-99
-99
-99
-99
-99
-99
-99
-99
-99
-99
-99
-99
-99
-99
-99
-99
-99
-99
-99
-99
-99
-99
-99
-99
-99
-99
-99
-99
-99
136.767174515236
136.065047233468
136.364127423823
134.629778393352
134.662753036437
132.429224376731
131.433198380567
130.958587257618
128.557340720222
125.72645074224
123.845706371191
122.993522267207
122.84432132964
121.176038781164
121.113090418354
120.695152354571
118.412145748988
115.127146814404
113.946952908587
112.335492577598
111.70567867036
110.940620782726
108.435872576177
106.822991689751
105.515654520918
104.378670360111
99.8817813765184
96.621052631579
89.6652354570636
82.1165991902836
76.8843490304709
74.0523616734145
74.1250692520776
65.9682825484766
58.4512820512821
54.0983379501386
51.9226720647773
51.7584487534626
55.302216066482
55.8719298245615
54.6271468144044
51.787044534413
48.7573407202216
46.0351800554016
42.8176788124156
35.5706371191136
29.5082321187584
27.3702216066482
24.1185595567867
21.7460188933873
16.3292243767313
12.8071524966262
7.93531855955679
5.27728531855956
2.40512820512819
-99
-99
-99
-99
-99
-99
-99
-99
-99
-99
-99
-99
-99
-99
-99
-99
-99
-99
-99
-99
-99
-99
-99
-99
-99
-99
-99
-99
-99
-99
-99
-99
137.036707152497
134.60644312952
134.563292847504
134.544669365722
135.108349769888
133.812010796221
130.822485207101
129.912550607288
128.838326585695
126.578829717291
123.821187584346
123.10650887574
122.871120107962
121.968556005398
120.389612097304
117.072469635628
115.361998685076
113.545479082321
111.798515519568
111.502958579882
112.928475033738
112.855752794215
108.331039136302
106.612820512821
105.272452333991
102.140890688259
99.3251808021039
94.0031039136305
88.3908232118757
83.9687047994742
79.1520917678812
74.3347797501643
70.8990553306342
66.7121457489878
62.5510848126235
56.8341430499326
53.4370808678501
52.0948717948717
51.0908232118758
50.8809993425378
50.0468286099864
48.2900723208415
46.3074224021591
43.0310391363023
36.9777777777778
29.4638326585695
23.8783694937541
20.6458839406208
19.7298245614035
17.0447074293228
14.625371120108
10.7422748191979
6.73589743589746
3.34156545209176
1.77514792899408
-99
-99
-99
-99
-99
-99
-99
-99
-99
-99
-99
-99
-99
-99
-99
-99
-99
-99
-99
-99
-99
-99
-99
-99
-99
-99
-99
-99
-99
-99
-99
-99
133.162049861496
130.372874493927
128.115512465374
128.262326869806
127.910526315789
128.683933518006
129.988394062079
128.999307479224
126.710664819945
124.775978407557
120.808171745152
118.716464237517
119.992936288089
119.711772853186
119.399460188934
119.397229916897
118.235897435897
115.731994459834
113.52728531856
111.820377867746
110.415235457064
109.235222672065
107.057756232687
105.063573407202
103.279892037787
100.549307479225
97.6070175438597
92.9296398891967
87.5930747922439
81.9325236167343
77.4113573407203
73.0468286099865
68.7408587257618
64.7180055401661
59.468016194332
54.98324099723
51.9967611336032
50.2646814404433
48.8729916897506
47.8469635627531
45.4970914127423
43.4412955465587
41.2793628808863
39.3380886426593
35.7211875843455
29.0819944598338
22.8865047233468
15.9657894736842
10.3537396121884
8.70269905533062
8.04598337950138
5.89325236167343
2.70520471894517
0.731341209173037
-99
-99
-99
-99
-99
-99
-99
-99
-99
-99
-99
-99
-99
-99
-99
-99
-99
-99
-99
-99
-99
-99
-99
-99
-99
-99
-99
-99
-99
-99
-99
-99
-99
134.604723346829
131.358316896779
127.459379217274
124.845344129555
122.701775147929
124.674358974359
123.896909927679
122.841970310391
122.727530364373
124.357790927022
122.01363022942
118.295989480605
116.851147098516
115.914574898786
115.122024983564
114.872199730095
113.299276791585
110.276383265857
108.773819163293
107.017882971729
105.84669365722
105.144641683103
103.006477732794
101.964642375169
100.509007232084
98.1758434547909
95.5108481262329
92.4553306342782
87.9757085020245
81.4717948717948
76.871524966262
72.4895463510849
67.8869095816466
61.3585695006747
54.8912557527943
51.17665317139
49.834056541749
49.6550607287449
48.976923076923
46.2157790927022
42.2699055330633
38.8508875739645
35.2933873144399
35.9901484480432
34.4418145956607
32.1650472334683
25.4589086127548
17.3157894736842
11.8314439946019
5.81801446416831
1.27071524966262
0.294546075085324
-99
-99
-99
-99
-99
-99
-99
-99
-99
-99
-99
-99
-99
-99
-99
-99
-99
-99
-99
-99
-99
-99
-99
-99
-99
-99
-99
-99
-99
-99
-99
-99
-99
-99
-99
134.413296398892
132.106882591093
130.090720221607
126.62728531856
123.646423751687
121.240304709141
123.010256410256
122.698476454294
122.38351800554
121.477327935223
120.993905817175
117.684750337382
114.128670360111
112.634210526316
112.480296896086
112.790997229917
111.205668016195
109.031163434903
107.762465373961
106.471794871795
105.561634349031
104.562078272605
103.139889196676
101.667728531856
99.7219973009448
95.7296398891967
92.2790823211878
89.3102493074792
85.5937673130193
80.4758434547909
75.7945983379503
70.4554655870446
64.6275623268699
58.0559556786704
52.8896086369771
50.8545706371191
50.1936572199729
48.965512465374
46.0498614958449
43.4198380566801
39.7193905817175
34.3107962213226
33.3451523545707
31.6959833795014
30.1352226720648
30.5081717451523
30.0188933873144
23.8051246537396
16.4103878116344
9.47773279352228
5.06629680998614
1.80956890459364
-99
-99
3.85990527740189
2.85775623268698
2.9217273954116
4.205540166205
-99
-99
-99
-99
-99
-99
-99
-99
-99
-99
-99
-99
-99
-99
-99
-99
-99
-99
-99
-99
-99
-99
-99
-99
-99
-99
-99
-99
-99
133.856232686981
132.368556005398
129.506925207756
126.554986149584
121.948852901485
121.108587257618
119.148987854251
118.442105263158
119.178254847646
118.495141700405
117.645567867036
116.640890688259
112.693628808864
111.630747922438
112.234952766532
110.099584487535
108.471120107962
107.465789473684
105.056094182825
104.558164642375
102.511495844875
100.895006747639
99.3939058171748
99.1707756232689
96.9537112010801
93.1448753462603
90.0751686909583
87.674376731302
83.7660664819946
79.7429149797572
73.8903047091412
67.879217273954
61.7606648199446
55.5609418282548
53.048987854251
52.3045706371192
51.2303643724695
48.9288088642659
44.7857340720222
37.4693657219973
34.1652354570637
31.6856950067476
30.9653739612188
30.7448753462604
25.7939271255061
23.8962603878117
24.2008097165991
26.9373961218837
22.8227146814405
17.2570850202429
10.4972695530726
7.62321187584346
9.29778393351802
10.685595567867
10.3402159244264
7.82756232686981
7.58609986504725
3.69958448753464
-99
-99
-99
-99
-99
-99
-99
-99
-99
-99
-99
-99
-99
-99
-99
-99
-99
-99
-99
-99
-99
-99
-99
-99
-99
-99
-99
-99
-99
129.535222672065
131.397501643656
130.121187584346
126.014035087719
122.5580539119
120.841430499325
118.880210387903
116.029419703104
116.74358974359
115.708481262328
115.567071524966
115.022222222222
113.664912280702
110.982456140351
110.240762656147
108.055870445344
105.690466798159
104.986099865047
105.03657219973
102.702958579882
102.287314439946
100.526364234057
99.565452091768
96.7780026990554
94.7255752794215
90.6388663967613
86.9249178172257
83.8676113360324
80.0380566801621
76.9289940828403
72.1708502024291
65.0316896778435
58.1171390013496
54.7315789473684
52.8410256410257
51.5236167341431
49.6732412886259
47.6238866396761
44.5819163292848
36.0578566732413
30.7053981106613
28.3456936226167
28.478677462888
29.8093117408907
32.2962524654832
30.5388663967611
26.1576594345825
22.5044534412956
20.714439946019
19.5157133464826
17.2294197031039
16.0890203813281
14.3773279352227
11.8186234817814
8.92504930966471
7.7095785440613
3.37922330097087
-99
-99
-99
-99
-99
-99
-99
-99
-99
-99
-99
-99
-99
-99
-99
-99
-99
-99
-99
-99
-99
-99
-99
-99
-99
-99
-99
-99
-99
-99
119.682271468144
122.509311740891
126.720914127424
126.34432132964
122.380971659919
119.95540166205
117.991363022942
116.107894736842
114.086842105263
114.479352226721
113.226869806094
112.967071524966
112.420083102493
109.282548476454
107.401214574899
106.19376731302
106.129689608637
104.22783933518
104.888227146814
101.767476383266
100.708310249307
99.8232118758435
96.4027700831026
94.3502770083103
92.5039136302293
89.3619113573407
84.3125506072877
79.156786703601
75.192243767313
72.0954116059379
67.5134349030471
60.0503373819164
56.4403047091413
53.9087257617729
51.3318488529015
48.3803324099723
46.3719298245613
44.9760387811634
41.3807479224377
32.2805668016195
28.6037396121883
24.5574898785425
22.0740997229917
22.7296398891967
20.8060728744939
18.3209141274238
21.1568151147099
27.5001385041551
28.055540166205
24.2927125506073
20.3229916897507
16.6160593792173
11.8346260387812
-99
-99
-99
-99
-99
-99
-99
-99
-99
-99
-99
-99
-99
-99
-99
-99
-99
-99
-99
-99
-99
-99
-99
-99
-99
-99
-99
-99
-99
-99
-99
-99
-99
-99
116.75991902834
116.501117685733
122.693657219973
124.594871794872
121.704404996713
119.546153846154
118.119263642341
114.970715249663
111.790418353576
111.405522682446
112.004318488529
110.270348454964
108.648043184885
106.943454790823
106.612623274162
105.88326585695
103.800131492439
101.732928475034
100.334008097166
99.5063773833005
98.4260458839407
97.7095332018409
94.682456140351
90.0379217273955
86.5733070348455
83.1971659919028
79.074030243261
75.8717948717949
72.1663967611336
67.4370808678501
62.6384615384615
57.7136094674555
54.9587044534413
54.7865047233469
51.669033530572
47.9805668016194
46.5952662721893
44.6182186234819
41.7524966261809
39.1374095989481
35.7133603238868
28.5527942143326
15.1601889338731
16.2225371120107
18.8550953320185
19.4987854251012
18.8620644312953
10.8025641025641
13.9848852901484
14.4440499671269
11.4572199730095
11.284023668639
6.94561403508773
4.155330634278
1.4153943008615
-99
-99
-99
-99
-99
-99
-99
-99
-99
-99
-99
-99
-99
-99
-99
-99
-99
-99
-99
-99
-99
-99
-99
-99
-99
-99
-99
-99
-99
-99
-99
-99
112.177423822715
110.950877192982
112.669529085873
116.718421052632
117.388798920378
115.81108033241
116.765991902834
114.792243767313
112.71108033241
112.453171390013
110.865235457064
110.807152496626
108.490581717452
106.44972299169
105.881241565452
104.139473684211
101.921862348178
100.775207756233
98.8681440443213
97.7982456140353
95.0451523545707
92.9098515519567
90.0307479224377
89.0048476454295
84.9406207827261
80.7828254847645
73.0968960863697
68.0731301939059
66.1375346260389
66.9267206477731
64.2980609418283
59.9684210526317
57.3321329639889
53.4702216066481
49.0848852901484
44.1368421052632
43.3329284750339
44.1191135734074
41.7303324099724
38.0090418353576
36.3547091412743
30.3037786774629
14.0753462603878
25.3128808864266
22.9651821862348
21.8681440443213
19.268016194332
15.1704986149584
11.5538781163435
10.1090418353576
8.43578397212545
6.54337265787647
6.78184458968772
2.19944598337951
0.858244644091222
-99
-99
-99
-99
-99
-99
-99
-99
-99
-99
-99
-99
-99
-99
-99
-99
-99
-99
-99
-99
-99
-99
-99
-99
-99
-99
-99
-99
-99
-99
-99
-99
113.228947368421
110.146828609987
109.416620498615
111.241135734072
114.090013495277
115.417313019391
113.488259109312
111.248891966759
109.709556786704
107.60620782726
105.300554016621
104.658029689609
103.830332409973
102.729224376731
101.57624831309
101.007479224377
99.6973009446697
97.9688365650973
96.4584487534625
95.8597840755737
93.8921052631576
86.8203778677463
88.9332409972298
87.970083102493
83.7828609986504
75.5572022160666
73.8287449392713
65.8160664819944
57.2684210526316
52.5398110661269
46.119944598338
37.1767881241565
36.9179166666667
42.062326869806
41.4390013495276
40.5642659279778
39.6727395411607
38.6962603878117
43.2361495844876
43.1704453441295
35.4254847645431
27.1101214574899
21.270083102493
19.0846260387811
21.7006747638327
19.5801939058172
17.0527665317139
15.9718644067797
-99
-99
-99
-99
-99
-99
-99
-99
-99
-99
-99
-99
-99
-99
-99
-99
-99
-99
-99
-99
-99
-99
-99
-99
-99
-99
-99
-99
-99
-99
-99
-99
-99
-99
-99
-99
-99
-99
-99
113.324561403509
109.510848126233
107.631174089069
107.261403508772
108.996975673899
110.455465587045
111.972386587771
111.560863697706
109.732253711201
106.13872452334
103.564642375169
103.153451676529
100.173279352227
99.1043184885289
98.8758711374099
98.751282051282
97.6948060486522
95.1500674763833
93.4439946018896
91.4532544378698
89.5143049932525
86.963708086785
84.0520917678811
81.6812415654521
77.615516107824
74.2951417004048
61.5301775147929
45.4122807017544
31.0707577374599
26.2182260869565
22.5810905730129
17.5885620915033
10.6043153526971
21.4580163043478
26.7562130177514
29.482726045884
32.4520710059171
30.1682860998651
31.0871794871794
37.5425378040762
37.9052631578948
34.1836949375411
30.4604588394063
14.119298245614
16.506771860618
11.5604304160688
-99
-99
-99
-99
-99
-99
-99
-99
-99
-99
-99
-99
-99
-99
-99
-99
-99
-99
-99
-99
-99
-99
-99
-99
-99
-99
-99
-99
-99
-99
-99
-99
-99
-99
-99
-99
-99
-99
-99
-99
-99
111.152493074793
108.161268556006
107.023822714682
105.985595567867
104.47975708502
105.596814404432
106.194601889339
107.993628808864
108.165927977839
106.569230769231
104.130055401662
101.88016194332
98.7663434903048
97.2160664819946
95.6960863697707
95.5686980609419
95.1638326585697
94.5300554016621
89.1303324099723
85.048448043185
85.7879501385042
82.9271255060728
82.4818559556786
79.7587257617729
72.8605937921728
56.7326869806095
43.1228070175439
31.6389793004997
11.1230097087379
-99
4.79655555555555
11.0665261514442
18.4262880886426
19.6605263157894
19.5997300944669
17.3219350282486
13.1566801619433
5.50593965517242
13.0210963687151
24.8195681511471
29.9793628808864
28.6759784075574
26.3872576177285
24.0195290858726
19.8340080971659
14.55
-99
-99
-99
-99
-99
-99
-99
-99
-99
-99
-99
-99
-99
-99
-99
-99
-99
-99
-99
-99
-99
-99
-99
-99
-99
-99
-99
-99
-99
-99
-99
-99
-99
-99
-99
-99
-99
-99
-99
-99
-99
112.005802968961
108.706245890861
106.394871794872
105.788394062078
105.520710059172
104.416599190283
101.830769230769
102.325775978408
103.688394062078
104.636817882972
101.825506072875
100.447994740302
98.5334682860999
95.0809716599191
93.9868507560816
93.4584345479082
91.6771860618016
88.3529014844805
84.3626180836706
84.4368178829717
84.892172739541
83.101775147929
80.0778677462888
73.878677462888
61.0671926364233
49.5265856950067
41.7125575279421
26.9801350390903
14.2625683890577
18.8899015219338
20.2126096333573
19.6714003944773
20.4006747638326
19.8638326585695
12.7205067808708
5.50012964563526
8.0418391562294
12.8352226720648
15.889608636977
15.4779750164366
19.685020242915
21.3765943458251
20.374628879892
18.1219973009446
15.3731755424063
6.19885527391661
-99
-99
-99
-99
-99
-99
-99
-99
-99
-99
-99
-99
-99
-99
-99
-99
-99
-99
-99
-99
-99
-99
-99
-99
-99
-99
-99
-99
-99
-99
-99
-99
-99
-99
-99
-99
-99
-99
-99
-99
-99
109.783656509695
108.168016194332
105.245567867036
104.344459833795
103.282051282051
102.627423822715
101.056275303644
99.4283933518004
99.5921052631579
100.116194331984
100.24515235457
100.126315789474
96.4855955678671
94.6463988919668
91.7267206477734
91.1545706371191
91.7628879892036
91.1707756232686
87.2518005540167
82.7646423751686
81.087673130194
80.187044534413
77.0337950138505
69.129085872576
56.1404858299596
46.152216066482
42.0257759784076
38.8285318559556
34.8778393351801
27.4375168690958
20.1457063711912
19.5310391363023
24.1335180055402
16.9974719887955
16.4123492723493
15.5502640722724
15.8657219973009
15.99459833795
15.1332409972299
15.4793522267206
16.0736842105264
16.3026990553306
15.9382271468144
13.1775825720309
9.00013504388926
8.58019390581716
4.89984732824427
-99
-99
-99
-99
-99
-99
-99
-99
-99
-99
-99
-99
-99
-99
-99
-99
-99
-99
-99
-99
-99
-99
-99
-99
-99
-99
-99
-99
-99
-99
-99
-99
-99
-99
-99
-99
-99
-99
-99
-99
108.991274238227
107.533198380567
103.818005540166
103.523961218837
102.825775978407
101.421606648199
99.9904183535761
97.5872576177286
96.8052631578949
97.2248313090419
96.2401662049862
95.2078272604589
93.8994459833795
92.5613573407204
89.6882591093116
87.9515235457063
87.4512820512821
86.895567867036
86.1951523545707
82.821322537112
78.7163434903048
76.4707152496626
69.8501385041551
58.4714681440443
51.1379217273954
43.4074792243766
35.2194331983806
29.8987534626038
31.4150969529086
32.0236167341431
25.6164819944598
16.7309802431611
10.4669190404798
20.7919667590028
21.6874493927126
17.1932132963989
15.6736842105264
13.7405817174516
12.3519390581717
9.94912280701755
10.7781163434903
12.4740890688259
11.9178670360111
10.6029085872576
8.5464237516869
6.2319944598338
3.29200819672132
-99
-99
-99
-99
-99
-99
-99
-99
-99
-99
-99
-99
-99
-99
-99
-99
-99
-99
-99
-99
-99
-99
-99
-99
-99
-99
-99
-99
-99
-99
-99
-99
-99
-99
-99
-99
-99
-99
-99
-99
106.865182186235
106.14674556213
103.52334682861
102.237246963563
100.335174227482
98.2352226720648
99.1241288625906
99.2318488529016
94.5893387314439
94.1305719921104
94.9373819163292
93.8994082840237
91.0425101214574
91.0761133603239
86.5968441814597
81.2356275303644
82.1192636423405
82.1707152496625
81.1079622132255
79.5718606180146
75.4546558704454
71.7421433267587
61.3454790823211
51.7098515519568
48.9641025641025
42.4914979757086
29.5108481262327
22.6565452091768
23.1535762483131
26.5343852728468
20.2343268337976
-99
8.95955570745049
11.397705802969
14.8239316239316
12.6404858299595
12.3393819855358
6.9356852103121
-99
-99
-99
-99
-99
2.92423938223939
2.51906411201179
2.91461769115442
1.07793956043956
-99
-99
-99
-99
-99
-99
-99
-99
-99
-99
-99
-99
-99
-99
-99
-99
-99
-99
-99
-99
-99
-99
-99
-99
-99
-99
-99
-99
-99
-99
-99
-99
-99
-99
-99
-99
-99
-99
-99
-99
105.939335180055
103.465047233468
102.52756232687
101.852077562327
101.148717948718
98.0142659279778
96.8009446693656
96.9051246537395
95.401246537396
93.1572199730094
90.2980609418282
90.8906882591092
89.6371191135733
87.928808864266
85.457354925776
80.9915512465375
77.2248313090419
76.2290858725761
74.4454293628809
72.0134952766531
67.3457063711912
65.5036437246964
58.2343490304708
49.7547091412741
38.2635627530364
33.1674515235456
31.9134952766532
32.1200831024931
28.0749307479224
25.3511681296421
6.79972783143108
2.31085737840066
6.58379501385041
9.84210526315788
9.28394062078274
3.68492447129909
6.94783933518006
-99
-99
-99
-99
-99
-99
-99
-99
-99
-99
-99
-99
-99
-99
-99
-99
-99
-99
-99
-99
-99
-99
-99
-99
-99
-99
-99
-99
-99
-99
-99
-99
-99
-99
-99
-99
-99
-99
-99
-99
-99
-99
-99
-99
-99
-99
-99
-99
-99
-99
104.355870445344
102.669033530572
101.805668016194
100.846153846154
98.7672583826431
96.3647773279352
94.3748849441158
92.3966261808366
91.1255060728744
90.0786324786326
86.7341430499327
83.6461538461538
82.3400809716598
80.5727395411605
78.9392504930967
75.7979757085021
72.6114398422091
70.5016194331983
68.3658569500673
64.61130834977
62.764237516869
58.4966469428008
48.9156545209177
33.2797570850202
24.2119658119658
25.1721997300945
31.0550953320184
29.621592442645
24.4502024291498
16.720315581854
6.43330935251799
-99
-99
-99
-99
-99
-99
-99
-99
-99
-99
-99
-99
-99
-99
-99
-99
-99
-99
-99
-99
-99
-99
-99
-99
-99
-99
-99
-99
-99
-99
-99
-99
-99
-99
-99
-99
-99
-99
-99
-99
-99
-99
-99
-99
-99
-99
-99
-99
-99
-99
-99
-99
-99
-99
-99
-99
101.29972299169
99.857085020243
98.4725761772855
96.9369806094182
94.8148448043187
92.7419667590029
91.0693657219973
87.4993074792244
82.1283933518005
74.2650472334683
66.8864265927978
68.2271255060728
65.96675900277
69.496537396122
69.9576248313089
68.3044321329639
66.2859649122808
63.6135734072022
61.412326869806
58.7574898785425
53.0804709141274
41.17045609258
24.8707447864945
12.116819221968
9.23093515358362
14.815512465374
21.3960863697706
23.8480609418283
15.4490304709141
-99
-99
-99
-99
-99
-99
-99
-99
-99
-99
-99
-99
-99
-99
-99
-99
-99
-99
-99
-99
-99
-99
-99
-99
-99
-99
-99
-99
-99
-99
-99
-99
-99
-99
-99
-99
-99
-99
-99
-99
-99
-99
-99
-99
-99
-99
-99
-99
-99
-99
-99
-99
-99
-99
-99
-99
-99
-99
98.0650969529084
95.5058029689609
93.2006925207756
91.3850415512464
87.8708502024292
83.7594182825484
67.8460188933872
48.7044321329639
39.335734072022
31.0358974358974
33.6940443213296
40.8699055330633
52.8300554016621
51.8313019390581
58.5198380566802
58.581163434903
55.2017543859648
53.1293628808864
48.254570637119
42.1068825910931
30.5947368421052
22.0897445820434
18.7461040235525
20.4136575875487
16.108636977058
14.3461218836565
15.4356275303644
13.134632034632
-99
-99
-99
-99
-99
-99
-99
-99
-99
-99
-99
-99
-99
-99
-99
-99
-99
-99
-99
-99
-99
-99
-99
-99
-99
-99
-99
-99
-99
-99
-99
-99
-99
-99
-99
-99
-99
-99
-99
-99
-99
-99
-99
-99
-99
-99
-99
-99
-99
-99
-99
-99
-99
-99
-99
-99
-99
-99
-99
90.0462887989202
89.0081525312294
84.6288798920377
81.1240215924424
79.0072320841551
71.0079622132253
56.7882971729125
33.8981106612686
17.9680958811614
14.5071470805617
16.3040395480226
31.1112426035502
34.8738191632928
38.0558704453441
49.6787639710717
40.8055330634278
36.9403024326101
35.825101214575
35.8350877192983
35.9856673241289
33.0134952766532
29.5857988165681
23.341608040201
-99
-99
-99
-99
-99
-99
-99
-99
-99
-99
-99
-99
-99
-99
-99
-99
-99
-99
-99
-99
-99
-99
-99
-99
-99
-99
-99
-99
-99
-99
-99
-99
-99
-99
-99
-99
-99
-99
-99
-99
-99
-99
-99
-99
-99
-99
-99
-99
-99
-99
-99
-99
-99
-99
-99
-99
-99
-99
-99
-99
-99
-99
-99
-99
77.4718836565096
62.8900134952768
49.1656509695292
42.0101108033241
44.9242914979757
44.574515235457
42.1275303643725
36.4279778393352
20.7539036312849
10.8613281799016
19.166623931624
31.040350877193
33.7433518005539
37.1724376731302
36.2917678812416
37.5253462603878
33.9480431848853
30.3641274238227
28.8445983379502
27.0199730094467
23.0714681440443
10.3166751484309
-99
-99
-99
-99
-99
-99
-99
-99
-99
-99
-99
-99
-99
-99
-99
-99
-99
-99
-99
-99
-99
-99
-99
-99
-99
-99
-99
-99
-99
-99
-99
-99
-99
-99
-99
-99
-99
-99
-99
-99
-99
-99
-99
-99
-99
-99
-99
-99
-99
-99
-99
-99
-99
-99
-99
-99
-99
-99
-99
-99
-99
-99
-99
-99
-99
27.8362763636363
14.1914749661705
11.1444034334764
14.1160136286201
17.9379645390071
20.0272604588394
19.6540433925049
20.0535762483131
12.3851681537406
16.095332018409
25.4600539811066
26.9000657462196
20.4701754385965
15.6807596899225
13.4224247635426
17.3878389482334
15.326158445441
-99
-99
-99
-99
-99
-99
-99
-99
-99
-99
-99
-99
-99
-99
-99
-99
-99
-99
-99
-99
-99
-99
-99
-99
-99
-99
-99
-99
-99
-99
-99
-99
-99
-99
-99
-99
-99
-99
-99
-99
-99
-99
-99
-99
-99
-99
-99
-99
-99
-99
-99
-99
-99
-99
-99
-99
-99
-99
-99
-99
-99
-99
-99
-99
-99
-99
-99
-99
-99
-99
-99
-99
-99
-99
-99
4.9557962413452
9.99622132253712
13.2042936288088
10.3307479224377
18.4982456140351
22.3031855955678
19.4188551724138
-99
-99
-99
-99
-99
-99
-99
-99
-99
-99
-99
-99
-99
-99
-99
-99
-99
-99
-99
-99
-99
-99
-99
-99
-99
-99
-99
-99
-99
-99
-99
-99
-99
-99
-99
-99
-99
-99
-99
-99
-99
-99
-99
-99
-99
-99
-99
-99
-99
-99
-99
-99
-99
-99
-99
-99
-99
-99
-99
-99
-99
-99
-99
-99
-99
-99
-99
-99
-99
-99
-99
-99
-99
-99
-99
-99
-99
-99
-99
-99
-99
-99
-99
-99
-99
-99
-99
-99
-99
-99
-99
-99
-99
-99
-99
-99
-99
-99
-99
-99
-99
-99
-99
-99
-99
-99
-99
-99
-99
-99
-99
-99
-99
-99
-99
-99
-99
-99
-99
-99
-99
-99
-99
-99
-99
-99
-99
-99
-99
-99
-99
-99
-99
-99
-99
-99
-99
-99
-99
-99
-99
-99
-99
-99
-99
-99
-99
-99
-99
-99
-99
-99
-99
-99
-99
-99
-99
-99
-99
-99
-99
-99
-99
-99
-99
-99
-99
-99
-99
-99
-99
-99
-99
-99
-99
-99
-99
-99
-99
-99
-99
-99
-99
-99
-99
-99
-99
-99
-99
-99
-99
-99
-99
-99
-99
-99
-99
-99
-99
-99
-99
-99
-99
-99
-99
-99
-99
-99
-99
-99
-99
-99
-99
-99
-99
-99
-99
-99
-99
-99
-99
-99
-99
-99
-99
-99
-99
-99
-99
-99
-99
-99
-99
-99
-99
-99
-99
-99
-99
-99
-99
-99
-99
-99
-99
-99
-99
-99
-99
<EndGridData2D>
