ILB_IUB                 : 1         60
JLB_JUB                 : 1         78
ORIGIN                  : 0         0
GRID_ANGLE              : 0.000

COORD_TIP              : 4
PROJ_TYPE              : 8

LATITUDE                  : 46.9376
LONGITUDE                 : -2.6372

<BeginGridData2D>
  0.0000000E+00
  0.0000000E+00
  0.0000000E+00
  0.0000000E+00
  0.0000000E+00
  0.0000000E+00
  0.0000000E+00
  0.0000000E+00
  0.0000000E+00
  0.0000000E+00
  0.0000000E+00
  0.0000000E+00
  0.0000000E+00
  0.0000000E+00
  0.0000000E+00
  0.0000000E+00
  0.0000000E+00
  0.0000000E+00
  0.0000000E+00
  0.0000000E+00
  0.0000000E+00
  0.0000000E+00
  0.0000000E+00
  1.0354097E-03
  3.1062290E-03
  3.5943505E-03
  1.8922011E-03
 -5.8207661E-11
  0.0000000E+00
  0.0000000E+00
  0.0000000E+00
  0.0000000E+00
  0.0000000E+00
  0.0000000E+00
  0.0000000E+00
  0.0000000E+00
  0.0000000E+00
  0.0000000E+00
  1.1363010E-02
  5.9604645E-08
  0.0000000E+00
  0.8825626    
   2.208671    
   5.741502    
   10.93197    
   18.05824    
   24.69463    
   30.88633    
   36.24704    
   40.03155    
   40.18934    
   40.39057    
   40.14839    
   35.90141    
   29.42389    
   23.94724    
   19.41967    
   16.13795    
   15.23082    
   16.50564    
   20.36212    
   24.43762    
   28.92710    
   33.62273    
   37.77201    
   41.44599    
   44.32622    
   47.91776    
   52.01888    
   56.84646    
   62.26083    
   68.39305    
   75.30347    
   82.93858    
   91.33061    
   100.1531    
   110.3858    
   121.6424    
  0.0000000E+00
  0.0000000E+00
  0.0000000E+00
  0.0000000E+00
  0.0000000E+00
  0.0000000E+00
  0.0000000E+00
  0.0000000E+00
  0.0000000E+00
  0.0000000E+00
  0.0000000E+00
  0.0000000E+00
  0.0000000E+00
  0.0000000E+00
  0.0000000E+00
  0.0000000E+00
  0.0000000E+00
  0.0000000E+00
  0.0000000E+00
  0.0000000E+00
  0.0000000E+00
  0.0000000E+00
  0.0000000E+00
  1.1981170E-03
  3.5943505E-03
  4.1591772E-03
  3.5943505E-03
  1.1981170E-03
  0.0000000E+00
  0.0000000E+00
  0.0000000E+00
  0.0000000E+00
  0.0000000E+00
  0.0000000E+00
  0.0000000E+00
  0.0000000E+00
  0.0000000E+00
  0.0000000E+00
  0.0000000E+00
  0.0000000E+00
  0.0000000E+00
   1.420159    
   3.470000    
   8.057838    
   14.55764    
   23.27629    
   31.27856    
   38.62495    
   44.88896    
   49.16273    
   49.16273    
   49.16273    
   48.85762    
   44.37378    
   37.77701    
   32.15315    
   27.51674    
   24.19098    
   23.38431    
   24.94622    
   29.26566    
   34.04175    
   39.38935    
   45.24467    
   50.08914    
   54.16543    
   57.03080    
   60.81548    
   65.26143    
   70.52164    
   77.00889    
   84.66366    
   93.68298    
   102.9194    
   112.4883    
   121.9559    
   132.1228    
   142.4778    
  0.0000000E+00
  0.0000000E+00
  0.0000000E+00
  0.0000000E+00
  0.0000000E+00
  0.0000000E+00
  0.0000000E+00
  0.0000000E+00
  0.0000000E+00
  0.0000000E+00
  0.0000000E+00
  0.0000000E+00
  0.0000000E+00
  0.0000000E+00
  0.0000000E+00
  0.0000000E+00
  0.0000000E+00
  0.0000000E+00
  0.0000000E+00
  0.0000000E+00
  0.0000000E+00
  0.0000000E+00
  0.0000000E+00
  1.0354097E-03
  3.1062290E-03
  3.5943505E-03
  5.9472029E-03
  7.8015588E-03
  1.3257273E-02
  2.0957939E-02
  3.1764261E-02
  3.3950336E-02
  3.0219313E-02
  2.1723889E-02
  9.6818078E-03
  0.0000000E+00
  5.2307580E-02
  0.0000000E+00
  1.5961267E-03
  3.9736424E-08
  0.1940089    
   2.164851    
   5.105652    
   10.54883    
   17.90685    
   27.43880    
   36.16287    
   44.11821    
   50.89391    
   55.50806    
   56.03526    
   56.12927    
   55.86576    
   51.99635    
   46.37159    
   41.42915    
   37.27785    
   34.23430    
   33.45451    
   34.90917    
   38.89872    
   43.66555    
   49.21726    
   55.69955    
   60.94665    
   65.37875    
   68.46680    
   72.78902    
   78.02962    
   84.24454    
   92.28091    
   101.8552    
   113.2581    
   124.1937    
   134.8316    
   144.6743    
   154.1217    
   162.4877    
  0.0000000E+00
  0.0000000E+00
  0.0000000E+00
  0.0000000E+00
  0.0000000E+00
  0.0000000E+00
  0.0000000E+00
  0.0000000E+00
  0.0000000E+00
  0.0000000E+00
  0.0000000E+00
  0.0000000E+00
  0.0000000E+00
  0.0000000E+00
  0.0000000E+00
  0.0000000E+00
  0.0000000E+00
  0.0000000E+00
  0.0000000E+00
  0.0000000E+00
  0.0000000E+00
  0.0000000E+00
  0.0000000E+00
  3.4513662E-04
  1.0354096E-03
  1.1981170E-03
  7.9244152E-03
  1.6842172E-02
  3.2111362E-02
  5.0589025E-02
  7.6394208E-02
  8.1966706E-02
  7.3698342E-02
  5.3064339E-02
  2.6846014E-02
  3.7252901E-09
  0.1606708    
  0.0000000E+00
 -1.8626451E-09
  0.0000000E+00
  0.4084545    
   3.033853    
   7.124559    
   13.18785    
   20.83621    
   30.17292    
   38.79073    
   46.65273    
   53.43608    
   58.19244    
   60.29392    
   60.79076    
   60.48254    
   58.26561    
   54.96163    
   51.68193    
   48.69979    
   46.33524    
   45.39180    
   46.26413    
   48.98907    
   52.95069    
   57.99533    
   64.69266    
   69.97610    
   74.55829    
   77.81336    
   82.86372    
   89.30013    
   97.04135    
   107.3518    
   119.6200    
   134.2747    
   147.3814    
   159.1657    
   169.0795    
   176.9770    
   181.7323    
  0.0000000E+00
  0.0000000E+00
  0.0000000E+00
  0.0000000E+00
  0.0000000E+00
  0.0000000E+00
  0.0000000E+00
  0.0000000E+00
  0.0000000E+00
  0.0000000E+00
  0.0000000E+00
  0.0000000E+00
  0.0000000E+00
  0.0000000E+00
  0.0000000E+00
  0.0000000E+00
  0.0000000E+00
  0.0000000E+00
  0.0000000E+00
  0.0000000E+00
  0.0000000E+00
  0.0000000E+00
  0.0000000E+00
  0.0000000E+00
  0.0000000E+00
  0.0000000E+00
  1.3206879E-02
  3.1412125E-02
  6.1526299E-02
  9.7183369E-02
  0.1474511    
  0.1567957    
  0.1381905    
  0.1014758    
  4.0094610E-02
  0.0000000E+00
  0.1815616    
  0.0000000E+00
  3.1079739E-02
  5.9604645E-08
   1.138748    
   4.321012    
   9.239794    
   15.60025    
   23.18903    
   31.98341    
   40.19270    
   47.72827    
   54.34203    
   59.25014    
   62.47429    
   63.76702    
   64.24181    
   63.83764    
   62.83983    
   61.35152    
   59.69561    
   58.01198    
   57.14976    
   57.21299    
   58.25359    
   60.86516    
   64.87075    
   70.74719    
   76.16570    
   81.67947    
   86.81133    
   93.74341    
   102.1083    
   111.7100    
   123.4558    
   136.7116    
   151.6537    
   164.8895    
   176.4613    
   186.0102    
   192.4117    
   194.7520    
  0.0000000E+00
  0.0000000E+00
  0.0000000E+00
  0.0000000E+00
  0.0000000E+00
  0.0000000E+00
  0.0000000E+00
  0.0000000E+00
  0.0000000E+00
  0.0000000E+00
  0.0000000E+00
  0.0000000E+00
  0.0000000E+00
  0.0000000E+00
  0.0000000E+00
  0.0000000E+00
  0.0000000E+00
  0.0000000E+00
  0.0000000E+00
  0.0000000E+00
  0.0000000E+00
  0.0000000E+00
  0.0000000E+00
  0.0000000E+00
  0.0000000E+00
  0.0000000E+00
  1.6766801E-02
  4.0608745E-02
  8.1662588E-02
  0.1265439    
  0.1925056    
  0.2034199    
  0.1768380    
  0.1329447    
  4.2649180E-02
  8.9427452E-11
  0.1263608    
  0.0000000E+00
  0.1752057    
  0.3887914    
   1.832927    
   5.130910    
   11.22798    
   19.03363    
   27.65504    
   35.50336    
   41.04008    
   46.83463    
   53.48180    
   59.16563    
   62.91366    
   63.63869    
   64.77913    
   66.43652    
   68.96803    
   69.90599    
   69.69988    
   69.57320    
   69.66281    
   68.34811    
   66.19028    
   66.58980    
   70.66319    
   76.32041    
   81.48285    
   86.91067    
   93.61691    
   102.5565    
   112.9811    
   124.5233    
   137.7776    
   151.9426    
   167.1163    
   177.6977    
   188.0265    
   196.7893    
   201.6576    
   201.9241    
  0.0000000E+00
  0.0000000E+00
  0.0000000E+00
  0.0000000E+00
  0.0000000E+00
  0.0000000E+00
  0.0000000E+00
  0.0000000E+00
  0.0000000E+00
  0.0000000E+00
  0.0000000E+00
  0.0000000E+00
  0.0000000E+00
  0.0000000E+00
  0.0000000E+00
  0.0000000E+00
  0.0000000E+00
  0.0000000E+00
  0.0000000E+00
  0.0000000E+00
  0.0000000E+00
  0.0000000E+00
  0.0000000E+00
  0.0000000E+00
  0.0000000E+00
  0.0000000E+00
  2.0418607E-02
  5.1327355E-02
  9.5205635E-02
  0.1510567    
  0.2526431    
  0.2853716    
  0.2180696    
  0.1562737    
  3.8230799E-02
  0.0000000E+00
  2.5166180E-02
  2.7180137E-03
  0.3660609    
  0.9239007    
   2.681909    
   6.852514    
   13.92053    
   22.90380    
   32.20570    
   38.37360    
   41.19096    
   44.88382    
   50.78229    
   56.27850    
   60.12651    
   62.18495    
   64.19060    
   68.23890    
   74.24868    
   78.36178    
   80.87986    
   82.52283    
   82.66288    
   79.16727    
   74.45578    
   72.70813    
   73.57069    
   75.01509    
   78.61391    
   86.01949    
   98.36239    
   112.1534    
   126.8928    
   142.9174    
   158.1003    
   170.5319    
   177.8997    
   184.2891    
   192.0386    
   199.6114    
   202.7597    
   201.9241    
  0.0000000E+00
  0.0000000E+00
  0.0000000E+00
  0.0000000E+00
  0.0000000E+00
  0.0000000E+00
  0.0000000E+00
  0.0000000E+00
  0.0000000E+00
  0.0000000E+00
  0.0000000E+00
  0.0000000E+00
  0.0000000E+00
  0.0000000E+00
  0.0000000E+00
  0.0000000E+00
  0.0000000E+00
  0.0000000E+00
  0.0000000E+00
  0.0000000E+00
  0.0000000E+00
  0.0000000E+00
  0.0000000E+00
  0.0000000E+00
  0.0000000E+00
  0.0000000E+00
  1.6723197E-02
  3.9619617E-02
  7.7523135E-02
  0.4872434    
   1.152742    
  0.8118424    
  0.2004191    
  0.1303144    
  3.2424539E-02
  1.8626451E-09
  4.8289850E-04
  0.0000000E+00
  0.3693603    
  0.8926924    
   3.768143    
   9.682979    
   17.09377    
   26.21790    
   35.90857    
   40.27083    
   40.65107    
   43.47852    
   49.32896    
   54.84269    
   59.29940    
   63.57647    
   66.94731    
   70.72987    
   78.04192    
   84.86179    
   89.73714    
   91.68353    
   90.21853    
   85.76656    
   80.62662    
   77.16010    
   73.62299    
   71.55595    
   76.90773    
   88.99409    
   106.2154    
   123.8590    
   141.3837    
   160.4644    
   177.7997    
   183.1538    
   183.8079    
   189.1532    
   194.5909    
   200.6296    
   202.7597    
   201.9241    
  0.0000000E+00
  0.0000000E+00
  0.0000000E+00
  0.0000000E+00
  0.0000000E+00
  0.0000000E+00
  0.0000000E+00
  0.0000000E+00
  0.0000000E+00
  0.0000000E+00
  0.0000000E+00
  0.0000000E+00
  0.0000000E+00
  0.0000000E+00
  0.0000000E+00
  0.0000000E+00
  0.0000000E+00
  0.0000000E+00
  0.0000000E+00
  0.0000000E+00
  0.0000000E+00
  0.0000000E+00
  0.0000000E+00
  0.0000000E+00
  0.0000000E+00
  0.0000000E+00
  1.0358329E-02
  2.4874263E-02
  0.1754888    
   2.454631    
   4.028814    
   1.859338    
  9.9593602E-02
  8.3637357E-02
  2.3796363E-02
  6.8042884E-03
  3.3462644E-03
  2.7470347E-02
  0.3977207    
   1.475539    
   4.914935    
   11.35766    
   18.99052    
   27.54970    
   36.91410    
   41.81012    
   41.46097    
   43.25945    
   50.84882    
   58.55110    
   63.44365    
   68.09843    
   71.28732    
   73.77177    
   79.99773    
   86.79637    
   92.07425    
   94.57207    
   92.71178    
   86.33871    
   78.10283    
   74.18973    
   74.15538    
   76.04324    
   83.20767    
   94.66370    
   110.6755    
   129.8409    
   150.8159    
   171.3065    
   184.5519    
   186.9029    
   186.0681    
   190.7964    
   194.5909    
   198.9691    
   200.1709    
   198.3730    
  0.0000000E+00
  0.0000000E+00
  0.0000000E+00
  0.0000000E+00
  0.0000000E+00
  0.0000000E+00
  0.0000000E+00
  0.0000000E+00
  0.0000000E+00
  0.0000000E+00
  0.0000000E+00
  0.0000000E+00
  0.0000000E+00
  0.0000000E+00
  0.0000000E+00
  0.0000000E+00
  0.0000000E+00
  0.0000000E+00
  0.0000000E+00
  0.0000000E+00
  0.0000000E+00
  0.0000000E+00
  0.0000000E+00
  0.0000000E+00
  0.0000000E+00
  0.0000000E+00
  3.5077007E-03
  8.9604110E-03
  0.3966650    
   3.714821    
   5.239692    
   1.914560    
  3.0829443E-02
  3.2496721E-02
  1.2562970E-02
  8.7428540E-03
  1.1960487E-02
  3.1936925E-02
  0.5210229    
   2.130157    
   4.438025    
   8.727706    
   15.83717    
   23.76884    
   32.89144    
   40.53426    
   40.51193    
   40.76907    
   51.08720    
   61.40681    
   65.48120    
   69.15992    
   73.39108    
   76.62093    
   80.80909    
   85.78484    
   90.06533    
   93.51486    
   93.11672    
   84.18377    
   72.49182    
   69.85548    
   77.36462    
   87.30365    
   94.67244    
   101.3798    
   115.1538    
   139.1204    
   166.1221    
   181.5992    
   185.1072    
   184.4854    
   185.7513    
   190.7964    
   192.6607    
   194.8253    
   195.6556    
   192.7433    
  0.0000000E+00
  0.0000000E+00
  0.0000000E+00
  0.0000000E+00
  0.0000000E+00
  0.0000000E+00
  0.0000000E+00
  0.0000000E+00
  0.0000000E+00
  0.0000000E+00
  0.0000000E+00
  0.0000000E+00
  0.0000000E+00
  0.0000000E+00
  0.0000000E+00
  0.0000000E+00
  0.0000000E+00
  0.0000000E+00
  0.0000000E+00
  0.0000000E+00
  0.0000000E+00
  0.0000000E+00
  0.0000000E+00
  0.0000000E+00
  0.0000000E+00
  0.0000000E+00
  0.0000000E+00
  0.0000000E+00
  0.1613906    
   1.253420    
   1.616058    
  0.4954408    
  0.0000000E+00
  0.0000000E+00
  2.8208811E-03
  0.0000000E+00
  6.6450953E-02
  0.5175048    
   1.051719    
   1.714111    
   2.232056    
   4.689424    
   12.02635    
   22.47591    
   33.53165    
   41.18015    
   38.30751    
   35.07066    
   44.87776    
   56.20839    
   60.48023    
   64.47015    
   71.17529    
   76.65349    
   79.98731    
   82.84490    
   85.13009    
   88.49115    
   90.75193    
   86.29726    
   78.66919    
   77.69456    
   85.60797    
   96.88811    
   104.6613    
   111.5934    
   132.7132    
   167.4774    
   187.5817    
   187.3478    
   182.7551    
   182.4936    
   186.4166    
   190.7964    
   190.4382    
   190.7964    
   190.5462    
   186.6163    
  0.0000000E+00
  0.0000000E+00
  0.0000000E+00
  0.0000000E+00
  0.0000000E+00
  0.0000000E+00
  0.0000000E+00
  0.0000000E+00
  0.0000000E+00
  0.0000000E+00
  0.0000000E+00
  0.0000000E+00
  0.0000000E+00
  0.0000000E+00
  0.0000000E+00
  0.0000000E+00
  0.0000000E+00
  0.0000000E+00
  0.0000000E+00
  0.0000000E+00
  0.0000000E+00
  0.0000000E+00
  0.0000000E+00
  0.0000000E+00
  0.0000000E+00
  0.0000000E+00
  0.0000000E+00
  2.2464743E-02
  0.0000000E+00
  0.0000000E+00
  0.0000000E+00
  0.0000000E+00
  3.0515967E-02
  5.4011224E-03
  0.0000000E+00
  0.0000000E+00
  0.5832354    
   1.602681    
   1.877807    
   1.227062    
   1.220970    
   4.571566    
   13.25900    
   25.72854    
   37.50390    
   44.21497    
   42.44559    
   37.21634    
   39.93736    
   50.16028    
   57.86524    
   62.01604    
   67.37593    
   73.08885    
   76.92229    
   78.42218    
   79.20480    
   82.59404    
   87.76812    
   90.13795    
   89.63400    
   91.19094    
   96.29423    
   103.3277    
   112.9666    
   133.1194    
   166.3436    
   190.8516    
   188.4933    
   179.9967    
   178.2218    
   183.4063    
   188.4646    
   189.3331    
   187.8079    
   186.5939    
   184.9009    
   180.0230    
  0.0000000E+00
  0.0000000E+00
  0.0000000E+00
  0.0000000E+00
  0.0000000E+00
  0.0000000E+00
  0.0000000E+00
  0.0000000E+00
  0.0000000E+00
  0.0000000E+00
  0.0000000E+00
  0.0000000E+00
  0.0000000E+00
  0.0000000E+00
  0.0000000E+00
  0.0000000E+00
  0.0000000E+00
  0.0000000E+00
  0.0000000E+00
  0.0000000E+00
  0.0000000E+00
  0.0000000E+00
  0.0000000E+00
  0.0000000E+00
  0.0000000E+00
  0.0000000E+00
  0.0000000E+00
  0.0000000E+00
  0.0000000E+00
  0.0000000E+00
  0.0000000E+00
  0.0000000E+00
  0.0000000E+00
  0.0000000E+00
  0.0000000E+00
  0.3009475    
   1.327614    
   1.983346    
   2.001989    
   1.248682    
   1.228173    
   5.507859    
   15.69707    
   29.27683    
   41.01186    
   48.99046    
   52.19799    
   47.90413    
   43.65643    
   50.02612    
   59.37737    
   63.32674    
   66.37434    
   70.46117    
   73.64415    
   74.74432    
   74.56396    
   76.73018    
   82.55985    
   88.76727    
   93.05043    
   96.59149    
   101.8168    
   107.9828    
   121.8392    
   159.1280    
   196.0930    
   192.6664    
   172.2706    
   171.0243    
   179.3469    
   186.3511    
   190.1831    
   188.4245    
   186.3356    
   183.8717    
   179.9736    
   174.0418    
  0.0000000E+00
  0.0000000E+00
  0.0000000E+00
  0.0000000E+00
  0.0000000E+00
  0.0000000E+00
  0.0000000E+00
  0.0000000E+00
  0.0000000E+00
  0.0000000E+00
  0.0000000E+00
  0.0000000E+00
  0.0000000E+00
  0.0000000E+00
  0.0000000E+00
  0.0000000E+00
  0.0000000E+00
  0.0000000E+00
  0.0000000E+00
  0.0000000E+00
  0.0000000E+00
  0.0000000E+00
  0.0000000E+00
  0.0000000E+00
  0.0000000E+00
  0.0000000E+00
  0.0000000E+00
  0.0000000E+00
  0.0000000E+00
  0.0000000E+00
  0.0000000E+00
  0.0000000E+00
  0.0000000E+00
  0.0000000E+00
  0.0000000E+00
  0.7361169    
   1.693254    
   1.648218    
   1.583748    
   1.753301    
   2.167331    
   5.920003    
   17.22921    
   34.22240    
   47.14878    
   53.21839    
   56.99712    
   55.26620    
   48.58834    
   49.44498    
   57.93335    
   63.44202    
   66.48215    
   70.01151    
   71.96443    
   72.15531    
   70.78792    
   70.37508    
   76.56883    
   86.49498    
   91.62529    
   92.70277    
   101.6831    
   120.6429    
   144.2865    
   177.8202    
   195.8854    
   174.8664    
   160.0659    
   171.8577    
   182.9854    
   184.9341    
   185.8910    
   183.2238    
   180.3521    
   176.8414    
   171.7783    
   165.5174    
  0.0000000E+00
  0.0000000E+00
  0.0000000E+00
  0.0000000E+00
  0.0000000E+00
  0.0000000E+00
  0.0000000E+00
  0.0000000E+00
  0.0000000E+00
  0.0000000E+00
  0.0000000E+00
  0.0000000E+00
  0.0000000E+00
  0.0000000E+00
  0.0000000E+00
  0.0000000E+00
  0.0000000E+00
  0.0000000E+00
  0.0000000E+00
  0.0000000E+00
  0.0000000E+00
  0.0000000E+00
  0.0000000E+00
  0.0000000E+00
  0.0000000E+00
  0.0000000E+00
  0.0000000E+00
  0.0000000E+00
  0.0000000E+00
  0.0000000E+00
  0.0000000E+00
  0.0000000E+00
  3.0524770E-04
  0.0000000E+00
  4.8863932E-02
  0.8237647    
   1.643624    
   1.709501    
   2.430187    
   4.649136    
   6.588000    
   9.203820    
   18.57042    
   34.37878    
   44.74841    
   46.56026    
   49.22140    
   50.22466    
   45.53631    
   47.24633    
   56.68094    
   61.82339    
   63.75675    
   67.09543    
   68.17145    
   66.87018    
   65.62753    
   66.48961    
   75.06299    
   86.05249    
   89.04938    
   91.03328    
   111.3964    
   149.6974    
   179.2540    
   186.7690    
   175.6582    
   161.9887    
   166.9066    
   177.5554    
   180.8631    
   177.7592    
   177.0462    
   175.3999    
   171.6982    
   167.3565    
   161.7352    
   155.5914    
  0.0000000E+00
  0.0000000E+00
  0.0000000E+00
  0.0000000E+00
  0.0000000E+00
  0.0000000E+00
  0.0000000E+00
  0.0000000E+00
  0.0000000E+00
  0.0000000E+00
  0.0000000E+00
  0.0000000E+00
  0.0000000E+00
  0.0000000E+00
  0.0000000E+00
  0.0000000E+00
  0.0000000E+00
  0.0000000E+00
  0.0000000E+00
  0.0000000E+00
  0.0000000E+00
  0.0000000E+00
  0.0000000E+00
  0.0000000E+00
  0.0000000E+00
  0.0000000E+00
  0.0000000E+00
  0.0000000E+00
  0.0000000E+00
  0.0000000E+00
  0.0000000E+00
  0.0000000E+00
  5.5184821E-04
  0.0000000E+00
  2.9848143E-02
  0.4128782    
   1.048075    
   2.127000    
   5.054485    
   9.908181    
   11.98711    
   12.25647    
   19.51414    
   31.15316    
   36.27976    
   36.67388    
   40.70634    
   43.32160    
   41.90212    
   47.83692    
   56.47366    
   57.61694    
   57.98735    
   59.84967    
   59.65829    
   58.81171    
   59.74304    
   64.61960    
   74.43819    
   83.58009    
   89.16814    
   102.3502    
   134.9998    
   174.9264    
   194.0845    
   183.4503    
   165.5031    
   168.2658    
   178.0795    
   176.9224    
   174.2268    
   169.2392    
   165.0643    
   163.6363    
   158.8855    
   153.9726    
   148.8232    
   143.5884    
  0.0000000E+00
  0.0000000E+00
  0.0000000E+00
  0.0000000E+00
  0.0000000E+00
  0.0000000E+00
  0.0000000E+00
  0.0000000E+00
  0.0000000E+00
  0.0000000E+00
  0.0000000E+00
  0.0000000E+00
  0.0000000E+00
  0.0000000E+00
  0.0000000E+00
  0.0000000E+00
  0.0000000E+00
  0.0000000E+00
  0.0000000E+00
  0.0000000E+00
  0.0000000E+00
  0.0000000E+00
  0.0000000E+00
  0.0000000E+00
  0.0000000E+00
  0.0000000E+00
  0.0000000E+00
  0.0000000E+00
  0.0000000E+00
  0.0000000E+00
  3.0549006E-03
  0.0000000E+00
  0.0000000E+00
  0.0000000E+00
  0.1185573    
  9.6690327E-02
  0.2233404    
   1.682394    
   5.402453    
   9.963188    
   10.25449    
   9.211583    
   16.71032    
   27.35726    
   30.21295    
   29.68541    
   33.70097    
   38.82707    
   41.49429    
   45.91580    
   49.61807    
   49.40067    
   49.78683    
   49.79807    
   49.54199    
   51.75005    
   55.81435    
   63.39789    
   73.80518    
   83.50220    
   93.68894    
   113.1757    
   144.6945    
   170.3357    
   175.2539    
   164.4574    
   156.7647    
   163.3640    
   167.9517    
   168.8717    
   170.6177    
   165.0770    
   158.1508    
   155.5795    
   150.1424    
   144.5493    
   139.1067    
   133.7804    
  0.0000000E+00
  0.0000000E+00
  0.0000000E+00
  0.0000000E+00
  0.0000000E+00
  0.0000000E+00
  0.0000000E+00
  0.0000000E+00
  0.0000000E+00
  0.0000000E+00
  0.0000000E+00
  0.0000000E+00
  0.0000000E+00
  0.0000000E+00
  0.0000000E+00
  0.0000000E+00
  0.0000000E+00
  0.0000000E+00
  0.0000000E+00
  0.0000000E+00
  0.0000000E+00
  0.0000000E+00
  0.0000000E+00
  0.0000000E+00
  0.0000000E+00
  0.0000000E+00
  0.0000000E+00
  0.0000000E+00
  0.0000000E+00
  0.0000000E+00
  0.0000000E+00
  1.4407504E-02
  6.5391183E-02
  0.1531214    
  0.2671402    
  0.1614702    
  0.0000000E+00
  0.5143124    
   2.435211    
   4.235154    
   3.849720    
   3.824791    
   9.318960    
   17.20920    
   19.98457    
   20.42598    
   25.29482    
   33.30876    
   38.14194    
   37.04996    
   35.93517    
   37.87932    
   39.52608    
   40.10612    
   42.08607    
   46.94804    
   54.08220    
   63.14651    
   73.39272    
   84.21609    
   94.38545    
   109.5209    
   130.8837    
   142.6414    
   141.6242    
   139.2087    
   142.4004    
   147.7585    
   151.7924    
   160.2125    
   166.7245    
   162.5922    
   154.8851    
   149.8357    
   143.9242    
   137.5924    
   131.4789    
   125.4578    
  0.0000000E+00
  0.0000000E+00
  0.0000000E+00
  0.0000000E+00
  0.0000000E+00
  0.0000000E+00
  0.0000000E+00
  0.0000000E+00
  0.0000000E+00
  0.0000000E+00
  0.0000000E+00
  0.0000000E+00
  0.0000000E+00
  0.0000000E+00
  0.0000000E+00
  0.0000000E+00
  0.0000000E+00
  0.0000000E+00
  0.0000000E+00
  0.0000000E+00
  0.0000000E+00
  0.0000000E+00
  0.0000000E+00
  0.0000000E+00
  0.0000000E+00
  0.0000000E+00
  0.0000000E+00
  0.0000000E+00
  0.0000000E+00
  0.0000000E+00
  0.0000000E+00
  0.1476399    
  0.6240302    
  0.6117685    
  0.2237427    
  7.4347988E-02
  0.0000000E+00
  5.1884651E-03
  0.6600740    
   1.338180    
   1.295091    
   1.537945    
   3.837729    
   7.339530    
   9.840989    
   14.70836    
   24.17073    
   32.02493    
   31.65918    
   25.48082    
   24.04803    
   28.13878    
   30.71819    
   33.52831    
   38.40954    
   45.20635    
   55.12608    
   64.51550    
   71.66292    
   79.87856    
   87.81173    
   98.72112    
   113.9753    
   120.3660    
   117.4298    
   119.6593    
   127.8859    
   131.6149    
   137.4231    
   149.9520    
   159.8393    
   159.8377    
   153.4279    
   147.4150    
   141.3727    
   134.2810    
   126.9265    
   119.3457    
  0.0000000E+00
  0.0000000E+00
  0.0000000E+00
  0.0000000E+00
  0.0000000E+00
  0.0000000E+00
  0.0000000E+00
  0.0000000E+00
  0.0000000E+00
  0.0000000E+00
  0.0000000E+00
  0.0000000E+00
  0.0000000E+00
  0.0000000E+00
  0.0000000E+00
  0.0000000E+00
  0.0000000E+00
  0.0000000E+00
  0.0000000E+00
  0.0000000E+00
  0.0000000E+00
  0.0000000E+00
  0.0000000E+00
  0.0000000E+00
  0.0000000E+00
  0.0000000E+00
  0.0000000E+00
  0.0000000E+00
  0.0000000E+00
  0.0000000E+00
  1.4695605E-02
  0.2720982    
  0.9687140    
  0.8196131    
  0.1426105    
  8.5076848E-03
  4.9040206E-03
  1.4771751E-02
  0.2233456    
  0.9864549    
   2.924556    
   5.820092    
   9.757929    
   12.20616    
   12.78512    
   17.26596    
   25.21828    
   28.13523    
   22.43559    
   17.44094    
   20.57359    
   25.94195    
   28.79343    
   32.21983    
   36.14481    
   42.92106    
   53.93177    
   61.95690    
   67.76050    
   76.79915    
   87.01357    
   98.83574    
   111.8013    
   113.5823    
   103.8848    
   101.4792    
   109.8333    
   116.2565    
   125.7217    
   140.8541    
   153.0547    
   154.8021    
   150.1593    
   144.7534    
   138.4086    
   130.4000    
   121.9922    
   113.2309    
  0.0000000E+00
  0.0000000E+00
  0.0000000E+00
  0.0000000E+00
  0.0000000E+00
  0.0000000E+00
  0.0000000E+00
  0.0000000E+00
  0.0000000E+00
  0.0000000E+00
  0.0000000E+00
  0.0000000E+00
  0.0000000E+00
  0.0000000E+00
  0.0000000E+00
  0.0000000E+00
  0.0000000E+00
  0.0000000E+00
  0.0000000E+00
  0.0000000E+00
  0.0000000E+00
  0.0000000E+00
  0.0000000E+00
  0.0000000E+00
  0.0000000E+00
  0.0000000E+00
  0.0000000E+00
  0.0000000E+00
  0.0000000E+00
  0.0000000E+00
  6.0400623E-03
  0.1171723    
  0.6665943    
  0.4754966    
  3.8903192E-02
  8.7437668E-04
  6.0648029E-03
  3.1190794E-02
  0.3680454    
   2.578776    
   8.969857    
   17.12473    
   23.62977    
   24.47616    
   20.25177    
   18.56789    
   18.20158    
   13.91108    
   10.41746    
   13.19056    
   20.87519    
   26.77265    
   30.51903    
   35.34951    
   35.32482    
   37.59777    
   45.16233    
   52.26708    
   63.05526    
   77.72021    
   91.35742    
   103.4461    
   109.9291    
   104.4209    
   94.69682    
   94.66333    
   103.3764    
   114.2454    
   127.5636    
   142.4023    
   151.9351    
   151.4718    
   148.1193    
   142.1138    
   135.4347    
   126.4844    
   117.1679    
   107.4978    
  0.0000000E+00
  0.0000000E+00
  0.0000000E+00
  0.0000000E+00
  0.0000000E+00
  0.0000000E+00
  1.1685325E-02
  0.0000000E+00
  0.0000000E+00
  0.0000000E+00
  0.0000000E+00
  0.0000000E+00
  0.0000000E+00
  0.0000000E+00
  0.0000000E+00
  0.0000000E+00
  0.0000000E+00
  0.0000000E+00
  0.0000000E+00
  0.0000000E+00
  0.0000000E+00
  0.0000000E+00
  0.0000000E+00
  0.0000000E+00
  0.0000000E+00
  0.0000000E+00
  0.0000000E+00
  0.0000000E+00
  0.0000000E+00
  0.0000000E+00
  2.3930163E-04
  4.6718614E-03
  2.4545733E-02
  1.6832650E-02
  8.9498929E-04
  0.0000000E+00
  0.0000000E+00
  0.5455211    
   6.206473    
   11.61045    
   15.88313    
   22.57079    
   26.15920    
   23.90149    
   18.49779    
   12.13548    
   7.117101    
   3.748100    
   4.796450    
   10.81078    
   18.88319    
   24.53551    
   32.41879    
   39.21907    
   38.81690    
   35.66732    
   37.10548    
   46.22068    
   63.43299    
   78.38172    
   87.76498    
   94.73152    
   94.64451    
   91.99927    
   96.75906    
   106.3454    
   111.5367    
   116.6143    
   130.5179    
   146.6095    
   153.0370    
   149.0494    
   145.9635    
   139.9072    
   132.8089    
   122.7711    
   112.6323    
   102.2981    
  0.0000000E+00
  0.0000000E+00
  0.0000000E+00
  0.0000000E+00
  0.0000000E+00
  0.0000000E+00
  0.0000000E+00
  0.0000000E+00
  0.0000000E+00
  0.0000000E+00
  0.0000000E+00
  0.0000000E+00
  0.0000000E+00
  0.0000000E+00
  0.0000000E+00
  0.0000000E+00
  0.0000000E+00
  0.0000000E+00
  0.0000000E+00
  0.0000000E+00
  0.0000000E+00
  0.0000000E+00
  0.0000000E+00
  0.0000000E+00
  0.0000000E+00
  0.0000000E+00
  0.0000000E+00
  0.0000000E+00
  0.0000000E+00
  0.0000000E+00
  0.0000000E+00
  0.0000000E+00
  8.8196322E-07
  8.6831585E-02
  0.9408962    
   2.904047    
   4.845028    
   6.000632    
   13.39161    
   17.07358    
   15.90137    
   17.41579    
   17.61513    
   16.19868    
   16.02888    
   9.635868    
   2.299646    
   1.983021    
   4.278525    
   9.292965    
   16.14937    
   24.80114    
   35.01826    
   41.70033    
   42.26511    
   36.52606    
   34.95451    
   47.25978    
   66.57896    
   79.27440    
   84.91881    
   87.98268    
   88.07117    
   91.97359    
   102.1726    
   109.8704    
   110.2619    
   112.2723    
   125.4537    
   142.0250    
   148.5353    
   143.2666    
   138.6099    
   133.6435    
   126.4002    
   116.1308    
   106.1402    
   96.25365    
  0.0000000E+00
  0.0000000E+00
  1.5844665E-02
  4.7533993E-02
  5.5003621E-02
  2.7300067E-02
  1.0563111E-03
  0.0000000E+00
  0.0000000E+00
  0.0000000E+00
  0.0000000E+00
  0.0000000E+00
  0.0000000E+00
  0.0000000E+00
  0.0000000E+00
  0.0000000E+00
  0.0000000E+00
  0.0000000E+00
  0.0000000E+00
  0.0000000E+00
  0.0000000E+00
  0.0000000E+00
  0.0000000E+00
  0.0000000E+00
  0.0000000E+00
  0.0000000E+00
  0.0000000E+00
  0.0000000E+00
  0.0000000E+00
  0.0000000E+00
  0.0000000E+00
  0.0000000E+00
  4.8230011E-03
  0.4955929    
   4.426664    
   11.75315    
   19.33759    
   18.53130    
   14.06673    
   10.18628    
   12.92930    
   15.79913    
   15.84411    
   16.82441    
   20.93520    
   13.62248    
   7.192400    
   7.675170    
   9.761497    
   12.74818    
   18.51698    
   26.54178    
   33.74343    
   37.11346    
   36.74674    
   32.96928    
   34.89331    
   50.03805    
   67.65189    
   79.17302    
   87.51173    
   91.33702    
   91.47533    
   95.27306    
   101.6417    
   103.3942    
   102.1423    
   106.4726    
   119.2447    
   134.4096    
   142.3803    
   138.4733    
   131.0059    
   124.2957    
   117.1734    
   107.3739    
   98.33153    
   89.79465    
  0.0000000E+00
  0.0000000E+00
  4.7533993E-02
  0.1426020    
  0.1650108    
  7.9644896E-02
  0.0000000E+00
  0.0000000E+00
  0.0000000E+00
  0.0000000E+00
  0.0000000E+00
  0.0000000E+00
  0.0000000E+00
  0.0000000E+00
  0.0000000E+00
  0.0000000E+00
  0.0000000E+00
  0.0000000E+00
  0.0000000E+00
  0.0000000E+00
  0.0000000E+00
  0.0000000E+00
  0.0000000E+00
  0.0000000E+00
  0.0000000E+00
  0.0000000E+00
  5.0184528E-05
  4.7249791E-06
  0.0000000E+00
  0.0000000E+00
  0.0000000E+00
  0.0000000E+00
  3.3053413E-02
   1.449830    
   8.459903    
   16.41456    
   29.26334    
   24.58541    
   16.66337    
   17.27288    
   24.32113    
   28.73646    
   26.35219    
   23.37898    
   25.04173    
   15.46667    
   16.47118    
   18.75640    
   18.34286    
   18.58455    
   23.07980    
   25.23413    
   28.28417    
   28.36652    
   23.32961    
   23.18032    
   36.07154    
   57.05582    
   72.11873    
   79.40196    
   87.18480    
   91.70184    
   90.04401    
   90.36761    
   95.37572    
   97.92968    
   96.35147    
   100.4657    
   112.0372    
   122.3177    
   128.2033    
   126.6674    
   118.8860    
   110.7531    
   103.8862    
   95.30466    
   88.10908    
   82.00741    
  0.0000000E+00
  0.0000000E+00
  5.5003621E-02
  0.1650108    
  0.1909411    
  0.1375090    
  3.6669083E-02
  0.0000000E+00
  0.0000000E+00
  0.0000000E+00
  0.0000000E+00
  0.0000000E+00
  0.0000000E+00
  0.0000000E+00
  0.0000000E+00
  0.0000000E+00
  0.0000000E+00
  0.0000000E+00
  0.0000000E+00
  0.0000000E+00
  0.0000000E+00
  0.0000000E+00
  0.0000000E+00
  0.0000000E+00
  0.0000000E+00
  0.0000000E+00
  4.7545115E-04
  4.4752302E-05
  0.0000000E+00
  0.0000000E+00
  0.0000000E+00
  0.0000000E+00
  1.2798956E-02
  0.5645763    
   2.920382    
   11.50388    
   31.83385    
   35.61792    
   35.20465    
   35.47347    
   35.72815    
   32.79387    
   22.94306    
   12.75609    
   13.57485    
   15.83985    
   20.49126    
   20.57437    
   15.76749    
   16.67206    
   18.90480    
   18.54977    
   21.23105    
   20.11158    
   11.98170    
   17.39677    
   44.72380    
   71.43535    
   82.20857    
   84.39458    
   87.25240    
   88.45946    
   85.55315    
   85.81361    
   90.57076    
   92.99828    
   91.49890    
   95.73466    
   104.6953    
   107.2190    
   107.8943    
   107.6264    
   103.5031    
   98.63278    
   92.85381    
   86.06133    
   80.93259    
   77.07911    
  0.0000000E+00
  0.0000000E+00
  4.7533993E-02
  0.1426020    
  0.1650108    
  0.2106359    
  0.2008180    
  0.2774106    
  0.3148538    
  0.2487644    
  0.0000000E+00
  0.0000000E+00
  0.0000000E+00
  0.0000000E+00
  0.0000000E+00
  0.0000000E+00
  0.0000000E+00
  0.0000000E+00
  0.0000000E+00
  0.0000000E+00
  0.0000000E+00
  0.0000000E+00
  0.0000000E+00
  0.0000000E+00
  2.6200350E-06
  1.7713911E-04
  1.9349527E-04
  2.3697244E-04
  2.1596020E-04
  6.6840853E-06
  5.1416707E-04
  0.0000000E+00
  1.7452290E-05
  0.0000000E+00
  8.8021308E-02
   5.437068    
   18.46126    
   22.72897    
   28.58834    
   34.15825    
   30.25897    
   19.09891    
   9.475211    
   4.434784    
   5.105841    
   9.261793    
   15.73872    
   23.58431    
   29.90927    
   26.34596    
   14.22466    
   11.82044    
   12.03351    
   9.414276    
   9.537563    
   27.87363    
   60.93685    
   82.48401    
   88.46004    
   90.96533    
   93.27444    
   89.88739    
   82.81094    
   86.06308    
   94.27600    
   96.09085    
   95.49075    
   99.90520    
   104.0869    
   100.2267    
   95.17364    
   93.01793    
   90.51595    
   87.19646    
   83.07152    
   78.51251    
   75.61533    
   73.88065    
  0.0000000E+00
  0.0000000E+00
  1.5844665E-02
  4.7533993E-02
  5.5003621E-02
  0.2614638    
  0.4190384    
  0.6707392    
  0.7617207    
  0.6068126    
  1.0168446E-02
  0.0000000E+00
  0.0000000E+00
  0.0000000E+00
  0.0000000E+00
  2.1167891E-02
  0.0000000E+00
  0.0000000E+00
  0.0000000E+00
  0.0000000E+00
  0.0000000E+00
  0.0000000E+00
  0.0000000E+00
  0.0000000E+00
  3.4439829E-04
  2.8593822E-03
  5.7061426E-03
  1.7247617E-02
  0.1452644    
  6.0664501E-02
  0.0000000E+00
   1.468044    
   6.785191    
   3.714782    
  0.3154491    
   3.654334    
   10.05348    
   12.03857    
   18.61877    
   24.34412    
   23.46298    
   12.37193    
   3.066691    
   1.514924    
   3.233919    
   11.65353    
   30.31758    
   42.05928    
   42.13173    
   33.52737    
   18.69811    
   14.44796    
   10.80466    
   5.133116    
   11.51892    
   40.59478    
   69.94505    
   80.88414    
   87.02666    
   94.38029    
   97.79533    
   91.08121    
   79.94560    
   82.35553    
   94.92422    
   103.9609    
   106.9012    
   107.0898    
   103.2502    
   96.08102    
   89.22540    
   83.97103    
   80.26068    
   77.26872    
   75.52595    
   73.66156    
   73.16547    
   73.35831    
  0.0000000E+00
  0.0000000E+00
  0.0000000E+00
  0.0000000E+00
  0.0000000E+00
  0.4273882    
  0.7879213    
   1.293313    
   1.473486    
   1.156018    
  0.0000000E+00
  0.0000000E+00
  0.3543072    
  0.4180653    
  6.6682175E-02
  0.0000000E+00
  0.0000000E+00
  0.0000000E+00
  0.0000000E+00
  0.0000000E+00
  0.0000000E+00
  0.0000000E+00
  0.0000000E+00
  0.0000000E+00
  0.0000000E+00
  0.0000000E+00
  5.4424122E-02
  0.2623899    
  0.7931455    
  0.5392473    
   1.686440    
   7.140984    
   19.42144    
   11.45121    
   1.573054    
   3.270806    
   8.748536    
   9.397164    
   12.26525    
   13.54741    
   14.47898    
   8.363996    
   2.586320    
   3.526815    
   15.79102    
   37.35069    
   53.27220    
   56.23461    
   50.54250    
   39.11474    
   22.74824    
   17.75967    
   18.55298    
   15.43444    
   16.26571    
   38.65971    
   63.97941    
   75.39062    
   84.40102    
   92.57457    
   94.79836    
   86.34793    
   74.76344    
   75.76392    
   91.82010    
   111.6839    
   117.5299    
   108.3912    
   95.05112    
   86.41327    
   81.08783    
   75.28833    
   70.45966    
   68.15659    
   68.15659    
   68.37884    
   69.42541    
   70.64653    
  0.0000000E+00
  0.0000000E+00
  0.0000000E+00
  0.0000000E+00
  0.0000000E+00
  0.6499811    
   1.230594    
   2.025124    
   2.311143    
   1.807369    
  0.0000000E+00
   2.036487    
   6.725052    
   5.390493    
  0.8466640    
  0.0000000E+00
  0.0000000E+00
  0.0000000E+00
  0.0000000E+00
  0.0000000E+00
  0.0000000E+00
  0.0000000E+00
  0.0000000E+00
  0.0000000E+00
  0.0000000E+00
  0.0000000E+00
  5.8405861E-02
  0.8141953    
   2.615470    
   3.712640    
   10.53316    
   17.89326    
   19.91175    
   13.40897    
   4.028011    
  0.8245451    
   1.557877    
   2.011390    
   2.744691    
   4.130674    
   3.551966    
   2.394506    
   5.924652    
   18.20196    
   43.37221    
   66.86635    
   66.98910    
   59.30744    
   52.56598    
   39.97201    
   22.38449    
   16.29585    
   24.48119    
   35.05616    
   34.88946    
   36.01987    
   50.51850    
   69.07280    
   78.22638    
   80.38750    
   83.94617    
   79.31851    
   67.98874    
   69.79764    
   91.96060    
   118.2261    
   122.3240    
   106.5483    
   87.56610    
   74.61370    
   66.93694    
   63.19242    
   61.48747    
   60.33141    
   61.54658    
   63.26147    
   65.09152    
   66.55048    
  0.0000000E+00
  0.0000000E+00
  0.0000000E+00
  0.0000000E+00
  0.0000000E+00
  0.9950491    
   1.843804    
   3.012833    
   3.411466    
   5.094321    
   11.85310    
   19.04675    
   20.44623    
   12.49128    
   1.852932    
  0.0000000E+00
  0.0000000E+00
  0.0000000E+00
  2.7333075E-04
  5.3984211E-05
  0.0000000E+00
  0.0000000E+00
  0.0000000E+00
  0.0000000E+00
  1.4008111E-03
  0.0000000E+00
  0.1172154    
   1.323437    
   7.567307    
   21.41195    
   28.89271    
   20.49122    
   9.864627    
   4.942481    
   2.424620    
   1.928637    
   2.592139    
   2.871386    
   2.243193    
   2.651639    
   4.259585    
   9.284185    
   22.30062    
   50.13695    
   72.47357    
   73.89110    
   66.13937    
   58.78040    
   49.90759    
   36.37264    
   21.51933    
   13.03422    
   24.17654    
   50.28240    
   60.64325    
   49.18247    
   44.41822    
   53.74976    
   55.92778    
   52.20262    
   57.40905    
   59.05529    
   51.06194    
   53.55796    
   77.04456    
   102.9238    
   107.0126    
   94.01602    
   75.36780    
   58.34892    
   49.19293    
   50.80714    
   54.31941    
   53.96011    
   55.80135    
   58.39658    
   60.10502    
   60.82810    
  0.0000000E+00
  0.0000000E+00
  0.0000000E+00
  0.0000000E+00
  0.0000000E+00
   1.087080    
   2.008034    
   3.277388    
   3.709785    
   13.99617    
   35.13831    
   37.62572    
   24.39414    
   11.20051    
   1.538547    
  0.0000000E+00
  0.0000000E+00
  0.0000000E+00
  4.6624485E-03
  5.5920664E-04
  0.0000000E+00
  0.0000000E+00
  0.0000000E+00
  0.0000000E+00
  0.0000000E+00
  0.0000000E+00
  0.8460431    
   7.766448    
   21.33732    
   26.12464    
   24.73223    
   14.40684    
   3.516201    
   1.483220    
   1.354122    
   1.803317    
   2.408051    
   4.154559    
   2.925582    
   4.367754    
   11.00281    
   33.45485    
   60.78341    
   72.58641    
   75.50401    
   70.38126    
   64.76351    
   59.61230    
   48.91667    
   35.64553    
   24.85107    
   11.70848    
   19.00411    
   47.47243    
   66.76852    
   60.39960    
   45.80447    
   38.13839    
   31.16887    
   24.14881    
   25.38225    
   28.03118    
   26.52503    
   28.90510    
   41.28867    
   56.69628    
   63.64519    
   59.50988    
   49.47868    
   40.56436    
   39.31212    
   44.40989    
   48.21169    
   48.76467    
   50.27410    
   52.61092    
   53.73550    
   53.73550    
  0.0000000E+00
  0.0000000E+00
  0.0000000E+00
  0.0000000E+00
  0.0000000E+00
   1.007837    
   1.857506    
   3.028997    
   4.651923    
   19.04806    
   36.17054    
   27.79008    
   10.09162    
   2.335052    
  0.3208750    
  9.5579632E-02
  0.4231485    
  0.1483007    
  0.0000000E+00
  0.0000000E+00
  0.0000000E+00
  0.0000000E+00
  0.0000000E+00
  0.0000000E+00
  0.0000000E+00
  0.0000000E+00
   2.770142    
   13.89690    
   25.17372    
   19.28706    
   14.10534    
   9.034173    
   2.553936    
  0.9980375    
   1.410804    
   1.589258    
   2.395458    
   3.696662    
   6.399698    
   23.21364    
   40.90209    
   55.43839    
   70.17855    
   68.10475    
   64.75798    
   56.85292    
   51.64063    
   48.21264    
   40.49453    
   32.94681    
   24.76870    
   11.10553    
   12.46638    
   31.68903    
   49.61705    
   49.69926    
   39.60303    
   32.89626    
   27.15415    
   18.42062    
   15.24085    
   19.20451    
   23.54072    
   24.65501    
   23.66025    
   24.39717    
   27.05359    
   26.69163    
   29.60927    
   36.63163    
   44.29005    
   46.84277    
   44.22700    
   44.80012    
   45.17614    
   46.33348    
   46.44119    
   45.66539    
  3.4846140E-03
  0.0000000E+00
  0.0000000E+00
  0.0000000E+00
  0.0000000E+00
  0.6964717    
   1.263764    
   2.054712    
   3.797561    
   11.67417    
   15.23686    
   7.468298    
  8.1300735E-02
  0.0000000E+00
  0.0000000E+00
  0.9201452    
   1.171586    
  0.4026424    
  0.0000000E+00
  0.0000000E+00
  0.0000000E+00
  0.0000000E+00
  0.0000000E+00
  0.0000000E+00
  0.0000000E+00
  0.0000000E+00
   3.093146    
   11.20162    
   13.45381    
   10.08953    
   8.983346    
   8.717682    
   4.772370    
   1.161371    
   1.464671    
   2.794478    
   4.656853    
   6.583247    
   18.54982    
   36.72108    
   39.97764    
   42.14973    
   52.52236    
   53.04991    
   49.03762    
   42.97224    
   38.14739    
   35.03598    
   31.66396    
   31.46975    
   22.20875    
   11.08199    
   11.02546    
   21.65791    
   34.12458    
   36.24607    
   31.65052    
   32.84910    
   35.64502    
   31.25076    
   30.49409    
   38.79439    
   45.83915    
   46.03831    
   41.91847    
   37.01212    
   31.47678    
   29.14670    
   38.23295    
   48.24385    
   53.10793    
   51.66797    
   44.53646    
   42.02586    
   40.27320    
   39.03594    
   37.59744    
   36.00036    
  0.0000000E+00
  0.0000000E+00
  0.0000000E+00
  0.0000000E+00
  0.0000000E+00
  0.4412670    
  0.8154405    
   1.328158    
   1.994730    
   3.067014    
   1.414907    
  0.0000000E+00
  0.0000000E+00
  0.0000000E+00
  5.9023887E-02
  0.5444180    
  0.7279252    
  0.2543188    
  0.0000000E+00
  0.0000000E+00
  0.0000000E+00
  0.0000000E+00
  9.7275237E-03
  0.0000000E+00
  0.0000000E+00
  0.0000000E+00
  0.8002329    
   2.001693    
   3.655663    
   7.518515    
   10.96323    
   13.10024    
   7.128582    
   1.807125    
   2.038875    
   7.235391    
   11.77570    
   13.26115    
   22.72232    
   30.60967    
   20.50748    
   21.46668    
   31.55490    
   36.01156    
   35.17224    
   30.39383    
   27.10386    
   25.69591    
   26.02332    
   29.74732    
   27.72746    
   19.76508    
   16.92527    
   23.58756    
   32.67033    
   35.57439    
   33.90401    
   36.80166    
   43.91690    
   47.11484    
   50.43024    
   57.60085    
   62.88563    
   63.44159    
   62.16242    
   58.93909    
   50.94079    
   47.53176    
   53.90577    
   57.72038    
   56.59337    
   52.78859    
   45.74604    
   40.27789    
   36.90993    
   34.04168    
   31.66294    
   29.85559    
  3.7046429E-04
  0.0000000E+00
  0.0000000E+00
  0.0000000E+00
  0.0000000E+00
  0.2135531    
  0.4270515    
  0.7058674    
  0.8083064    
  0.6243716    
  0.0000000E+00
  0.0000000E+00
  0.0000000E+00
  3.1165682E-02
  4.4240505E-03
  1.5210032E-02
  2.4945304E-02
  1.6843397E-02
  0.0000000E+00
  0.0000000E+00
  0.0000000E+00
  0.0000000E+00
  0.0000000E+00
  0.0000000E+00
  0.0000000E+00
  0.0000000E+00
  6.0028136E-02
  0.6937194    
   4.709872    
   14.49726    
   24.22406    
   21.87267    
   9.501486    
   5.041163    
   6.830831    
   16.13807    
   22.91249    
   19.65654    
   11.31792    
   11.98660    
   11.11624    
   17.97665    
   23.37195    
   26.29186    
   28.11328    
   24.47722    
   22.90692    
   24.37086    
   25.51455    
   29.78979    
   38.32841    
   35.01607    
   28.09159    
   30.15150    
   35.77899    
   38.31711    
   39.46359    
   40.70085    
   45.82030    
   53.08676    
   57.80199    
   62.18185    
   66.84985    
   68.30511    
   67.85693    
   65.58271    
   58.68695    
   53.81777    
   55.43461    
   57.31192    
   56.63303    
   52.88171    
   45.94495    
   40.18392    
   34.84980    
   30.82681    
   27.94583    
   27.20335    
  0.0000000E+00
  0.0000000E+00
  0.0000000E+00
  0.0000000E+00
  0.0000000E+00
  4.8229694E-02
  0.1726765    
  0.2999273    
  0.3285031    
  0.2531404    
  0.0000000E+00
  0.3112659    
  0.8119791    
  0.5749196    
  5.9284806E-02
  0.0000000E+00
  0.0000000E+00
  0.0000000E+00
  8.0116048E-02
   1.525068    
   2.448282    
   1.310594    
  0.4995716    
  0.3003039    
  0.0000000E+00
  4.9641728E-04
  7.5538464E-02
   1.081098    
   7.207565    
   15.85505    
   26.51514    
   29.09191    
   20.95032    
   17.41071    
   21.07825    
   28.57990    
   30.84701    
   21.88953    
   10.87102    
   10.28734    
   15.68329    
   21.96613    
   27.06813    
   30.31040    
   29.96590    
   27.63592    
   27.64193    
   32.08972    
   33.10406    
   33.90439    
   43.18090    
   45.83029    
   39.28074    
   36.09080    
   37.92011    
   40.20546    
   41.89084    
   41.07898    
   42.48531    
   49.11863    
   54.37451    
   58.37353    
   63.32777    
   65.66615    
   65.65086    
   64.91838    
   62.68222    
   59.04962    
   56.64351    
   57.40188    
   57.83370    
   53.89438    
   46.34985    
   40.18392    
   34.60598    
   29.88898    
   27.21436    
   27.20335    
  1.2860408E-02
  0.0000000E+00
  0.0000000E+00
  0.0000000E+00
  0.0000000E+00
  0.0000000E+00
  0.0000000E+00
  0.0000000E+00
  0.0000000E+00
  0.0000000E+00
  0.0000000E+00
  0.8255361    
   1.911349    
   1.140734    
  4.4316009E-02
  0.0000000E+00
  2.9459018E-03
  0.0000000E+00
  0.5305519    
   6.726439    
   11.35840    
   8.626535    
   5.585608    
   3.332018    
   1.023067    
   1.052869    
   1.172958    
   2.253791    
   9.095240    
   19.95825    
   29.42278    
   32.37535    
   30.08385    
   30.18889    
   34.55058    
   39.39304    
   38.17582    
   29.30987    
   23.67308    
   24.37618    
   22.30971    
   22.85981    
   29.88710    
   35.63433    
   35.82510    
   33.82986    
   37.73970    
   47.77625    
   50.02705    
   43.78665    
   43.93025    
   48.75041    
   47.99993    
   44.46579    
   45.85664    
   48.29632    
   48.53790    
   47.07675    
   46.09928    
   47.81914    
   49.70894    
   51.98456    
   55.26280    
   58.05122    
   60.41598    
   63.09659    
   66.60172    
   66.86024    
   62.91104    
   62.17996    
   61.70902    
   56.20247    
   46.99326    
   40.18392    
   34.60598    
   29.88898    
   27.20335    
   27.20335    
  8.2126401E-02
  0.1339299    
  0.1772672    
  0.2262172    
  0.2118482    
  8.5430130E-02
  0.0000000E+00
  0.0000000E+00
  0.0000000E+00
  0.0000000E+00
  0.0000000E+00
  0.8399037    
   1.579024    
  0.4823873    
  0.0000000E+00
  0.0000000E+00
  0.0000000E+00
  6.1727285E-02
   1.721441    
   8.763767    
   13.90546    
   11.78266    
   9.362776    
   7.176338    
   4.534027    
   4.131113    
   5.049251    
   6.738424    
   15.20869    
   30.29467    
   41.01174    
   40.83985    
   36.20925    
   36.96337    
   37.64729    
   35.90903    
   35.22221    
   31.86125    
   30.03863    
   28.40067    
   23.27033    
   24.15052    
   31.21120    
   37.31509    
   40.34327    
   42.94485    
   52.29250    
   65.88916    
   65.25775    
   50.84756    
   45.05106    
   49.43701    
   53.19730    
   55.73261    
   58.41311    
   59.10587    
   59.39747    
   59.45663    
   57.34335    
   54.14481    
   51.05638    
   50.28363    
   50.38690    
   51.60215    
   56.81544    
   63.71574    
   68.46391    
   69.14241    
   67.14644    
   67.64019    
   65.71216    
   57.63404    
   47.29336    
   41.32273    
   35.97543    
   31.03350    
   28.29627    
   28.63976    
  0.2465147    
  0.4649280    
  0.6989756    
  0.7716856    
  0.7136118    
  0.4451803    
  0.1431765    
  7.8846484E-02
  5.5555474E-02
  3.0102633E-02
  0.0000000E+00
  0.1624092    
  0.5014681    
  0.5232114    
  0.3236374    
  0.1252022    
  0.0000000E+00
  0.5006411    
   1.685225    
   3.084657    
   3.809634    
   4.215791    
   6.649088    
   10.98514    
   12.76234    
   11.69234    
   13.79177    
   17.50914    
   26.80315    
   44.94733    
   58.38250    
   55.45185    
   42.56916    
   35.54488    
   29.67568    
   22.81586    
   21.91793    
   22.01761    
   23.26839    
   26.01125    
   29.01229    
   32.83813    
   35.72653    
   38.68795    
   42.94593    
   48.74330    
   58.30659    
   65.80330    
   58.39265    
   43.15130    
   36.98352    
   40.72803    
   49.06889    
   56.79136    
   59.49333    
   59.00718    
   61.27179    
   64.58501    
   63.69614    
   61.28978    
   60.71341    
   59.93504    
   55.50644    
   51.25684    
   53.43647    
   59.07907    
   61.71432    
   62.00770    
   62.27554    
   63.08059    
   59.82627    
   52.89672    
   46.92295    
   42.87534    
   38.36732    
   33.33725    
   30.42385    
   30.80340    
  0.2465147    
  0.4649280    
  0.7123394    
   1.078051    
   1.078051    
  0.6945438    
  0.1610581    
  1.7503547E-03
  8.8966135E-03
  5.1877584E-02
  0.0000000E+00
  0.1761016    
   1.886382    
   4.179292    
   4.214776    
   3.035494    
   2.558177    
   2.354766    
   1.756138    
  1.1975050E-02
  0.1225586    
  9.1796875E-02
   2.712480    
   11.50917    
   17.56869    
   19.20052    
   25.25124    
   31.81415    
   40.34064    
   56.68371    
   66.40806    
   57.46977    
   39.98026    
   30.79897    
   28.90953    
   28.19851    
   23.85798    
   15.84220    
   17.51436    
   28.44059    
   37.79208    
   39.46817    
   34.83692    
   35.14854    
   41.41111    
   45.21121    
   48.10691    
   49.53066    
   42.10249    
   31.15347    
   27.65278    
   32.27447    
   40.91038    
   48.32605    
   52.22034    
   54.30730    
   57.27389    
   61.32066    
   63.43294    
   67.07540    
   74.37938    
   76.89561    
   69.47875    
   59.56922    
   53.12582    
   49.21454    
   47.34064    
   48.45918    
   51.20023    
   51.20079    
   48.37638    
   47.37377    
   47.73440    
   44.78686    
   40.88428    
   35.79665    
   32.71411    
   32.71411    
  4.9672477E-02
  0.1582851    
  0.5826792    
   1.408597    
   1.533007    
   1.217527    
  0.2829852    
  3.5991594E-02
  3.7303723E-02
  5.7839297E-02
  6.7542732E-02
   2.442978    
   7.189839    
   10.65764    
   10.58409    
   9.134901    
   7.453033    
   7.560137    
   9.165178    
   8.134177    
   4.829053    
   1.491080    
   1.736222    
   6.998373    
   14.08496    
   25.72092    
   41.55355    
   50.88112    
   56.39753    
   66.04268    
   67.02951    
   53.52787    
   42.27295    
   43.05330    
   49.54363    
   53.87022    
   42.41285    
   19.98231    
   17.76906    
   33.06813    
   42.47869    
   38.00879    
   27.94814    
   30.38408    
   38.56524    
   38.58279    
   37.92752    
   40.19493    
   38.19722    
   31.71519    
   30.04293    
   35.13894    
   42.08115    
   48.97697    
   54.31679    
   57.39527    
   60.42418    
   63.81977    
   66.97211    
   74.72713    
   84.21844    
   84.88451    
   75.60538    
   65.22339    
   55.94938    
   46.82185    
   41.32207    
   41.23074    
   45.27784    
   45.34485    
   42.96879    
   45.40585    
   49.06761    
   47.01141    
   43.60520    
   38.51237    
   35.23071    
   34.48554    
  5.5027157E-03
 -1.4901161E-08
  0.7123394    
   1.821757    
   2.157611    
   2.090995    
  0.4164138    
  0.0000000E+00
  8.5949004E-03
  0.1203633    
  0.8778340    
   6.425457    
   13.69963    
   17.27683    
   17.80057    
   16.67794    
   12.63889    
   14.11910    
   22.65704    
   24.84233    
   17.21555    
   8.575039    
   6.842904    
   12.78492    
   25.89447    
   48.83102    
   71.17050    
   78.13716    
   77.65669    
   80.12064    
   76.53827    
   67.17676    
   65.12394    
   68.45161    
   66.52405    
   59.05424    
   42.50133    
   21.46543    
   20.40783    
   32.31796    
   34.29271    
   25.39919    
   21.21614    
   31.52112    
   36.75406    
   31.57400    
   33.35072    
   40.63245    
   44.52751    
   43.58217    
   42.66901    
   46.13836    
   51.79920    
   57.51405    
   62.01119    
   66.68309    
   72.75664    
   76.34374    
   77.75280    
   80.29312    
   80.14040    
   74.18686    
   65.57103    
   59.52882    
   55.25604    
   49.37373    
   43.30545    
   41.41255    
   43.97781    
   45.05950    
   44.72927    
   47.10220    
   50.38827    
   49.55119    
   46.34026    
   41.14655    
   37.58255    
   35.58882    
  0.0000000E+00
  0.0000000E+00
  0.9696902    
   2.927548    
   3.426358    
   3.078655    
  0.9241583    
  0.3007386    
  0.2004924    
  0.5809256    
   2.413377    
   7.944311    
   15.71979    
   20.87251    
   23.75952    
   23.13896    
   19.57796    
   23.54613    
   33.95502    
   37.59327    
   30.99264    
   22.90518    
   24.57852    
   40.57520    
   65.13864    
   89.22787    
   102.4621    
   100.2923    
   92.82265    
   88.49963    
   82.76913    
   77.02537    
   76.84984    
   72.79146    
   56.06638    
   36.95981    
   25.11820    
   21.26950    
   26.17136    
   25.63356    
   17.45213    
   13.92850    
   18.09744    
   28.06586    
   29.78160    
   25.31143    
   29.36113    
   38.26383    
   45.45053    
   49.12135    
   50.32360    
   53.66319    
   59.26956    
   62.68267    
   66.36607    
   74.55902    
   82.04182    
   84.84779    
   84.12029    
   77.88293    
   67.98647    
   61.09851    
   59.07866    
   60.54002    
   62.22228    
   56.77061    
   47.68967    
   46.54541    
   47.02454    
   47.92405    
   50.87502    
   51.87203    
   52.73085    
   52.33960    
   49.52103    
   44.70093    
   41.02464    
   38.13741    
  0.6130465    
   1.296631    
   2.726554    
   4.900125    
   5.522336    
   4.723863    
   2.362828    
   1.279788    
   1.927760    
   4.616275    
   5.176751    
   5.318038    
   10.64968    
   18.42894    
   25.97335    
   29.33504    
   30.63248    
   35.32567    
   38.27611    
   39.50589    
   42.87157    
   48.86195    
   61.75277    
   83.25272    
   105.0289    
   116.4681    
   113.2233    
   100.4801    
   87.86893    
   79.81398    
   74.11507    
   69.66270    
   66.64108    
   57.35836    
   40.56342    
   27.94728    
   23.57651    
   28.17283    
   36.97171    
   31.43229    
   23.97777    
   30.04008    
   32.25447    
   27.42334    
   25.38026    
   29.74438    
   35.02634    
   38.07118    
   41.62776    
   46.05587    
   51.87466    
   58.66040    
   65.20168    
   68.55891    
   72.85382    
   79.95861    
   83.05383    
   83.36609    
   81.19487    
   74.74559    
   68.36986    
   65.30400    
   67.26575    
   72.25780    
   74.64627    
   65.70161    
   54.42457    
   56.33324    
   56.14142    
   55.22570    
   58.23138    
   57.09330    
   55.45272    
   55.43665    
   53.05178    
   48.88388    
   45.19223    
   41.62394    
   1.542747    
   3.473153    
   5.481837    
   7.574352    
   8.282451    
   8.259438    
   6.201896    
   3.689372    
   5.402110    
   10.67436    
   9.880871    
   4.094730    
   4.676857    
   14.79028    
   29.43618    
   38.52254    
   41.35773    
   43.18780    
   44.18292    
   50.41708    
   64.68568    
   81.68655    
   97.57152    
   107.1455    
   108.1757    
   104.4777    
   97.23681    
   87.70667    
   80.00171    
   73.33311    
   67.79741    
   63.09006    
   54.66860    
   42.81501    
   36.72855    
   37.82552    
   35.21868    
   37.20283    
   47.54589    
   47.01796    
   47.35647    
   59.22527    
   58.10896    
   40.36775    
   32.39905    
   42.33021    
   49.50060    
   47.69271    
   46.60545    
   50.65678    
   58.77612    
   65.27818    
   69.17469    
   73.28855    
   79.80200    
   85.88856    
   87.80670    
   87.00806    
   82.99539    
   79.98614    
   80.14014    
   78.59309    
   77.66051    
   77.81824    
   73.09293    
   61.96290    
   56.60598    
   62.22535    
   63.75483    
   62.82167    
   62.62889    
   59.26429    
   57.40796    
   58.48712    
   56.65063    
   53.59172    
   50.11645    
   46.34377    
   5.606793    
   8.453085    
   10.83979    
   12.71859    
   13.38788    
   14.66274    
   12.87333    
   8.418034    
   9.698206    
   16.53561    
   16.38923    
   8.878111    
   7.025508    
   19.58680    
   40.07159    
   50.77589    
   49.98284    
   49.64909    
   56.96399    
   71.31646    
   86.11451    
   98.38980    
   105.8344    
   103.1389    
   92.63986    
   83.51759    
   79.85487    
   79.02910    
   77.31120    
   70.53732    
   63.93963    
   58.10414    
   49.26763    
   44.88483    
   48.01253    
   49.35827    
   39.20224    
   34.53629    
   44.98214    
   50.92532    
   56.08795    
   69.72720    
   69.03695    
   47.79507    
   37.89081    
   48.47835    
   57.83945    
   60.36283    
   61.63377    
   62.08794    
   63.63780    
   64.83452    
   65.46924    
   71.15778    
   80.62156    
   88.71768    
   93.84382    
   93.43867    
   88.02030    
   85.31537    
   85.78452    
   85.32997    
   84.87268    
   80.51408    
   66.74402    
   54.12971    
   54.90333    
   61.40646    
   67.18623    
   69.04091    
   64.05775    
   59.84187    
   60.73199    
   62.88453    
   61.34964    
   58.85002    
   55.26036    
   50.96522    
   12.36470    
   15.87507    
   18.43956    
   19.92803    
   20.45913    
   22.66713    
   21.08890    
   15.75880    
   16.10569    
   22.95214    
   25.60854    
   20.79626    
   20.43421    
   34.02769    
   54.66956    
   65.28379    
   64.18861    
   65.58916    
   76.12019    
   86.44864    
   89.62764    
   94.34824    
   100.5592    
   99.12732    
   91.86488    
   84.61290    
   79.54280    
   75.68706    
   71.48221    
   62.09774    
   52.03999    
   45.79821    
   45.59572    
   55.14961    
   59.54919    
   50.46998    
   37.10018    
   30.75167    
   34.97646    
   43.51553    
   53.70556    
   66.03009    
   62.76080    
   40.66294    
   31.39909    
   41.26082    
   54.35600    
   67.23727    
   76.54631    
   75.93929    
   70.00351    
   64.42387    
   63.10846    
   70.89783    
   80.21528    
   87.26999    
   91.88730    
   89.72900    
   86.31371    
   86.64134    
   86.62596    
   86.10740    
   86.44887    
   80.21997    
   63.84843    
   53.20237    
   55.34736    
   59.62560    
   68.98805    
   73.93691    
   66.50676    
   62.72607    
   66.11562    
   68.08817    
   66.68484    
   64.38792    
   60.52370    
   55.65608    
   22.45654    
   26.31598    
   28.86158    
   29.80698    
   30.06304    
   31.55711    
   29.76491    
   26.86377    
   28.32186    
   32.56287    
   38.89034    
   40.45233    
   41.87206    
   54.38640    
   71.18036    
   80.34831    
   82.70421    
   91.31438    
   105.4513    
   107.1413    
   95.86360    
   91.87258    
   96.22018    
   97.00647    
   95.50531    
   93.87186    
   89.89583    
   82.36913    
   72.55318    
   58.35313    
   45.10410    
   41.52789    
   46.33794    
   56.65026    
   58.53135    
   50.46507    
   48.66317    
   44.14161    
   33.61275    
   35.85612    
   47.89165    
   57.66883    
   52.84692    
   33.70034    
   23.54439    
   33.79445    
   55.21040    
   71.01913    
   76.20024    
   74.67822    
   70.75172    
   65.46919    
   63.95962    
   72.42524    
   80.47662    
   84.82175    
   87.18815    
   85.85664    
   87.48911    
   91.13422    
   90.45049    
   86.42877    
   80.36533    
   71.61583    
   60.01219    
   54.65483    
   57.96913    
   61.16541    
   71.09734    
   77.79019    
   71.17583    
   68.36108    
   72.61830    
   74.44637    
   73.00909    
   70.46204    
   66.05867    
   60.39571    
   33.56307    
   37.19460    
   39.27655    
   39.51780    
   39.57529    
   39.30498    
   38.23391    
   41.19529    
   46.28239    
   47.90897    
   53.46547    
   60.77666    
   66.67607    
   77.34695    
   86.34932    
   88.57827    
   89.31947    
   99.18686    
   114.0040    
   116.3485    
   105.5623    
   95.59638    
   95.38557    
   103.2935    
   111.8014    
   116.1727    
   115.6545    
   104.9131    
   78.07695    
   51.23858    
   48.44973    
   58.90164    
   63.00967    
   66.27658    
   68.95558    
   70.92229    
   71.29744    
   55.90758    
   38.76862    
   36.76144    
   40.36691    
   47.14465    
   50.79554    
   44.85513    
   35.50520    
   42.22833    
   64.51144    
   69.41617    
   60.79261    
   60.18984    
   66.49207    
   67.12935    
   63.70999    
   70.30389    
   81.32945    
   87.96042    
   91.13187    
   93.18093    
   95.87784    
   96.48896    
   92.20306    
   84.19243    
   74.08047    
   65.46204    
   58.41671    
   57.61119    
   64.31062    
   68.31526    
   75.62619    
   81.55044    
   76.01686    
   73.73053    
   77.75990    
   79.35826    
   77.76969    
   74.92494    
   70.38702    
   64.68958    
   46.08913    
   48.95589    
   50.19957    
   49.61546    
   49.51590    
   48.63871    
   49.17548    
   56.77422    
   64.89384    
   64.79031    
   63.48615    
   68.86145    
   77.47646    
   83.95039    
   87.79082    
   87.11089    
   84.91273    
   92.62268    
   104.9491    
   110.3675    
   110.1947    
   104.1171    
   103.7496    
   116.0212    
   125.0519    
   128.1358    
   129.7142    
   117.9625    
   81.99933    
   50.08316    
   58.05897    
   77.09583    
   79.42306    
   79.15486    
   82.37945    
   86.06299    
   76.74061    
   55.54800    
   48.20684    
   50.40903    
   45.63530    
   46.95636    
   58.07933    
   65.79224    
   61.09541    
   55.10699    
   59.88597    
   59.49419    
   57.77687    
   66.73779    
   77.41567    
   77.90231    
   71.59033    
   72.71689    
   80.31729    
   85.93941    
   89.25565    
   91.87625    
   92.62292    
   90.89545    
   85.17490    
   77.58224    
   71.59662    
   67.58310    
   64.42287    
   65.53043    
   72.87524    
   78.28154    
   82.43135    
   84.04174    
   78.97214    
   78.23928    
   82.45822    
   83.13895    
   81.34888    
   78.18224    
   73.83965    
   68.68552    
   59.34924    
   60.92592    
   60.96784    
   59.53994    
   59.38149    
   59.37886    
   60.40331    
   69.60982    
   79.36555    
   80.15077    
   78.11324    
   79.23944    
   85.28551    
   86.39861    
   85.94757    
   88.60155    
   88.37630    
   96.09721    
   109.2727    
   115.1572    
   116.8366    
   113.8945    
   113.2164    
   118.9670    
   120.0162    
   117.1572    
   114.2057    
   102.7693    
   77.54130    
   57.20744    
   66.07173    
   82.40466    
   84.39637    
   84.13562    
   86.86012    
   87.05881    
   75.56129    
   61.50759    
   60.07400    
   65.04826    
   60.43614    
   57.15615    
   63.65065    
   69.96801    
   67.84782    
   55.82799    
   50.52345    
   57.82284    
   68.56328    
   76.51299    
   80.45417    
   80.60130    
   77.51790    
   74.73971    
   72.20487    
   71.54782    
   73.07996    
   76.08124    
   79.19298    
   80.43976    
   78.00381    
   75.59911    
   73.68843    
   73.62896    
   74.12376    
   74.03440    
   78.57607    
   85.30466    
   87.71970    
   86.26047    
   82.02530    
   82.87523    
   86.37222    
   85.69817    
   83.55521    
   79.91245    
   76.10378    
   72.17933    
   74.77882    
   74.77882    
   73.50352    
   71.08086    
   70.80350    
   70.76842    
   71.30447    
   79.79031    
   91.35172    
   99.15319    
   101.9656    
   101.6710    
   104.4358    
   99.92226    
   91.52045    
   96.44033    
   99.58043    
   100.0780    
   106.9175    
   113.1348    
   116.4947    
   117.0137    
   116.8398    
   116.8362    
   113.0336    
   103.2605    
   91.43935    
   79.47131    
   68.76509    
   62.50163    
   68.46336    
   81.18301    
   86.73770    
   92.40039    
   99.71770    
   99.57111    
   88.05260    
   77.62692    
   76.60634    
   80.09362    
   76.20183    
   70.50761    
   68.49712    
   66.54173    
   63.27987    
   53.77691    
   50.12833    
   60.83138    
   70.86279    
   70.48568    
   69.80034    
   71.67738    
   71.45235    
   67.81216    
   63.68166    
   63.42527    
   65.49469    
   69.19824    
   73.85077    
   77.07046    
   77.89737    
   78.97063    
   80.03921    
   81.77288    
   82.97197    
   82.35309    
   85.00381    
   89.39541    
   90.12753    
   87.37341    
   83.78703    
   85.10170    
   87.78799    
   86.77921    
   84.86754    
   81.63387    
   78.88808    
   76.47149    
   91.54763    
   89.81046    
   87.19238    
   83.78528    
   83.38316    
   84.16255    
   85.74868    
   93.99579    
   105.7393    
   115.9238    
   119.4739    
   118.2052    
   114.9625    
   105.8401    
   97.09314    
   102.2310    
   106.1719    
   102.5822    
   101.1323    
   103.9584    
   108.5325    
   112.2475    
   113.3480    
   111.4435    
   105.5503    
   94.28764    
   82.89601    
   72.68336    
   67.33345    
   65.58940    
   68.90555    
   79.60429    
   91.82845    
   108.1322    
   120.5234    
   119.5558    
   107.5506    
   99.22234    
   97.02618    
   94.93211    
   88.83242    
   81.24937    
   74.56148    
   68.29669    
   61.70654    
   51.78166    
   48.94604    
   55.54694    
   60.54083    
   59.48289    
   60.65281    
   63.51191    
   63.30493    
   61.41331    
   61.30029    
   64.48112    
   68.71967    
   72.43507    
   76.10269    
   79.30391    
   81.40855    
   83.69711    
   86.72542    
   89.99228    
   91.09247    
   91.09689    
   93.00339    
   93.40759    
   91.79372    
   88.12948    
   83.63345    
   83.43394    
   86.85903    
   86.72092    
   85.46349    
   83.28100    
   82.02662    
   81.39692    
   109.1208    
   105.4995    
   101.5658    
   97.13259    
   96.68596    
   99.48938    
   104.0953    
   110.3960    
   118.1909    
   124.4035    
   125.8981    
   123.6856    
   116.1822    
   107.1397    
   101.7749    
   103.6400    
   105.3005    
   104.4089    
   102.6244    
   103.4781    
   106.1356    
   108.8062    
   109.7131    
   106.5733    
   101.0402    
   92.89668    
   84.67831    
   74.79404    
   69.23048    
   68.21471    
   72.10028    
   82.62196    
   98.75317    
   122.3044    
   137.1073    
   135.3595    
   127.2124    
   120.2813    
   114.3460    
   105.9751    
   96.54060    
   86.76695    
   78.10890    
   68.16687    
   58.71432    
   45.81021    
   40.54025    
   42.27464    
   45.34527    
   47.97061    
   51.78848    
   55.57811    
   57.65773    
   59.10519    
   61.08289    
   65.82578    
   70.27119    
   74.25275    
   78.70957    
   83.26679    
   86.28300    
   90.03333    
   95.25655    
   99.92818    
   101.1174    
   100.9244    
   101.7941    
   99.47140    
   95.62703    
   90.14392    
   85.29375    
   83.32040    
   84.53036    
   85.39312    
   85.05859    
   84.81445    
   85.62189    
   87.12868    
   126.6953    
   121.8919    
   117.1830    
   112.4756    
   111.8927    
   114.5775    
   121.4689    
   127.0862    
   131.8204    
   135.2602    
   135.2602    
   131.5229    
   123.3851    
   116.7400    
   110.9311    
   106.6048    
   103.9765    
   103.9765    
   104.2271    
   105.5468    
   106.9620    
   107.8133    
   107.8133    
   105.4639    
   101.9146    
   94.93024    
   86.05311    
   74.03123    
   69.13338    
   69.85618    
   76.75120    
   88.29305    
   103.3276    
   123.2392    
   134.2823    
   134.2823    
   132.9561    
   126.8115    
   118.4112    
   108.6810    
   97.93245    
   86.78741    
   76.38033    
   64.76556    
   53.28193    
   41.00806    
   34.72419    
   34.72419    
   37.37069    
   41.48185    
   46.22286    
   50.95708    
   55.33627    
   59.19226    
   61.94537    
   65.86475    
   70.43887    
   75.99281    
   81.31213    
   86.60393    
   91.37193    
   96.77741    
   102.1707    
   107.8812    
   110.9466    
   110.9466    
   110.3325    
   106.4916    
   100.8340    
   92.79551    
   87.66320    
   85.39312    
   85.39312    
   85.39312    
   86.42207    
   87.72546    
   90.20235    
   93.44843    
   143.2918    
   137.9944    
   133.0892    
   128.7833    
   128.1266    
   131.0111    
   138.1085    
   143.6615    
   148.0595    
   150.3966    
   149.7575    
   144.5556    
   134.5353    
   125.5727    
   117.2302    
   109.8953    
   105.3329    
   104.1611    
   104.2271    
   105.5468    
   106.9620    
   107.8133    
   107.8133    
   105.4639    
   102.2885    
   96.71431    
   89.50047    
   79.70195    
   75.35995    
   75.18150    
   80.09509    
   89.31155    
   101.8801    
   119.0518    
   128.9879    
   129.2169    
   129.1921    
   124.8108    
   117.3490    
   108.0191    
   97.24682    
   85.63548    
   74.11617    
   61.96119    
   50.32077    
   41.00806    
   34.72419    
   34.72419    
   37.09283    
   39.77464    
   43.95427    
   49.25028    
   55.33627    
   59.19226    
   63.23119    
   68.35034    
   73.79390    
   79.64546    
   85.60292    
   91.67575    
   97.38974    
   103.8172    
   110.2245    
   117.0685    
   120.3705    
   120.0484    
   118.0409    
   112.6620    
   105.2933    
   95.32507    
   89.00380    
   87.07794    
   87.09706    
   87.11287    
   89.13530    
   91.76347    
   95.67224    
   100.4072    
   159.3251    
   154.2126    
   149.6046    
   146.3782    
   145.4874    
   148.4229    
   155.1466    
   160.7026    
   165.2003    
   167.1043    
   166.9541    
   160.8864    
   149.6557    
   138.3689    
   126.9232    
   115.4304    
   108.0252    
   105.1039    
   105.0468    
   105.5468    
   106.9620    
   107.8133    
   107.8133    
   106.6082    
   104.9921    
   101.3668    
   96.42137    
   89.60258    
   85.65688    
   83.84946    
   84.33963    
   88.56390    
   95.75148    
   106.2900    
   112.9112    
   113.7052    
   113.7097    
   112.3174    
   106.8439    
   99.23833    
   89.67094    
   78.82590    
   67.18861    
   56.65936    
   48.33228    
   41.00806    
   34.72419    
   34.72419    
   37.09283    
   39.77464    
   43.95427    
   49.25028    
   55.33627    
   59.85757    
   66.23286    
   72.59255    
   78.88039    
   84.88760    
   91.33914    
   98.01777    
   104.4897    
   111.7115    
   118.8910    
   126.6178    
   129.9713    
   129.4828    
   125.6994    
   118.9987    
   110.2233    
   98.82526    
   91.73534    
   91.00778    
   90.94681    
   90.94997    
   93.92101    
   97.68789    
   102.6488    
   108.3547    
   168.4961    
   164.6429    
   161.4742    
   160.1311    
   160.1311    
   163.5159    
   169.8374    
   175.2937    
   179.7492    
   181.5114    
   181.5114    
   175.1586    
   163.7281    
   151.0058    
   137.3223    
   122.3806    
   112.8046    
   108.8251    
   108.8251    
   108.8251    
   109.9470    
   111.0087    
   111.7168    
   111.7046    
   110.7322    
   109.0272    
   106.6029    
   103.5818    
   100.4798    
   97.58119    
   94.45338    
   94.11806    
   95.75148    
   99.98141    
   102.7738    
   102.8138    
   102.8138    
   102.8138    
   98.92809    
   92.98411    
   85.31047    
   76.28432    
   66.05402    
   56.65936    
   48.33228    
   41.32998    
   37.09283    
   37.09283    
   37.09283    
   39.77464    
   43.95427    
   49.25028    
   55.36471    
   62.03175    
   69.17789    
   76.05199    
   82.72648    
   88.78741    
   95.69478    
   103.0230    
   110.4342    
   118.3038    
   125.8923    
   133.8302    
   136.7967    
   135.7460    
   130.2675    
   122.6655    
   113.3871    
   102.1066    
   95.06487    
   94.97887    
   94.97887    
   94.97887    
   98.41538    
   102.6415    
   108.7070    
   115.9488    
   168.4961    
   165.4817    
   169.1414    
   170.3143    
   171.9982    
   176.1453    
   182.0687    
   187.4275    
   191.8381    
   193.7785    
   193.8857    
   187.8268    
   177.1180    
   163.8198    
   148.7345    
   131.1206    
   119.9571    
   115.3940    
   115.4671    
   115.4037    
   116.7681    
   118.2438    
   119.3774    
   120.0392    
   119.4351    
   119.5927    
   119.7751    
   120.8679    
   118.8396    
   115.1047    
   108.6266    
   103.8120    
   99.97539    
   99.98141    
   95.93861    
   94.37538    
   94.05859    
   94.39611    
   91.85905    
   87.65326    
   82.44055    
   76.28432    
   68.58195    
   61.92594    
   55.68251    
   50.21412    
   46.28913    
   45.20436    
   43.75715    
   45.10151    
   48.22980    
   53.07786    
   58.73815    
   65.10837    
   72.13449    
   78.95098    
   85.65675    
   91.71030    
   99.02027    
   106.9834    
   115.3890    
   123.7441    
   131.4417    
   139.0749    
   141.3976    
   139.6230    
   132.6877    
   124.6842    
   115.6793    
   105.7061    
   99.34319    
   99.53825    
   99.62323    
   99.62097    
   103.1918    
   107.4537    
   114.6285    
   123.7114    
<EndGridData2D>
<BeginXX>
  -3.580907    
  -3.540390    
  -3.499903    
  -3.459417    
  -3.418900    
  -3.378413    
  -3.337896    
  -3.297409    
  -3.256892    
  -3.216406    
  -3.175889    
  -3.135371    
  -3.094854    
  -3.054337    
  -3.013820    
  -2.973303    
  -2.932786    
  -2.892269    
  -2.851752    
  -2.811235    
  -2.770687    
  -2.730170    
  -2.689653    
  -2.649106    
  -2.608588    
  -2.568041    
  -2.527524    
  -2.486976    
  -2.446429    
  -2.405911    
  -2.365364    
  -2.324816    
  -2.284299    
  -2.243752    
  -2.203204    
  -2.162656    
  -2.122109    
  -2.081561    
  -2.041013    
  -2.000466    
  -1.959918    
  -1.919340    
  -1.878793    
  -1.838245    
  -1.797698    
  -1.757119    
  -1.716572    
  -1.676024    
  -1.635446    
  -1.594899    
  -1.554351    
  -1.513773    
  -1.473225    
  -1.432647    
  -1.392100    
  -1.351521    
  -1.310943    
  -1.270396    
  -1.229818    
  -1.189240    
  -1.148692    
  -1.108114    
  -1.067536    
  -1.026958    
 -0.9864102    
 -0.9458321    
 -0.9052540    
 -0.8646759    
 -0.8240978    
 -0.7835503    
 -0.7429721    
 -0.7023941    
 -0.6618159    
 -0.6212379    
 -0.5806597    
 -0.5400817    
 -0.4995036    
 -0.4589255    
 -0.4183474    
<EndXX>
<BeginYY>
   46.42501    
   46.45293    
   46.48083    
   46.50874    
   46.53666    
   46.56457    
   46.59249    
   46.62039    
   46.64830    
   46.67621    
   46.70412    
   46.73202    
   46.75993    
   46.78785    
   46.81575    
   46.84366    
   46.87157    
   46.89947    
   46.92739    
   46.95529    
   46.98320    
   47.01110    
   47.03901    
   47.06692    
   47.09481    
   47.12272    
   47.15063    
   47.17853    
   47.20644    
   47.23434    
   47.26223    
   47.29014    
   47.31804    
   47.34594    
   47.37384    
   47.40174    
   47.42965    
   47.45754    
   47.48544    
   47.51334    
   47.54124    
   47.56914    
   47.59703    
   47.62493    
   47.65282    
   47.68073    
   47.70861    
   47.73651    
   47.76441    
   47.79230    
   47.82019    
   47.84808    
   47.87598    
   47.90386    
   47.93176    
   47.95965    
   47.98754    
   48.01543    
   48.04332    
   48.07121    
   48.08516    
<EndYY>
