ILB_IUB                 : 1         57
JLB_JUB                 : 1         91
ORIGIN                  : 0         0
GRID_ANGLE              : 0.000

COORD_TIP              : 4
PROJ_TYPE              : 8

 LATITUDE   : 46.9376000000000
 LONGITUDE  : -2.63720000000000

<BeginGridData2D>
  0.0000000E+00
  0.0000000E+00
  0.0000000E+00
  0.0000000E+00
  0.0000000E+00
  0.0000000E+00
  0.0000000E+00
  0.0000000E+00
  0.0000000E+00
  0.0000000E+00
  0.0000000E+00
  0.0000000E+00
  0.0000000E+00
  0.0000000E+00
  0.0000000E+00
  0.0000000E+00
  0.0000000E+00
  0.0000000E+00
  0.0000000E+00
  0.0000000E+00
  0.0000000E+00
  0.0000000E+00
  0.0000000E+00
  0.0000000E+00
  0.0000000E+00
  0.0000000E+00
  0.0000000E+00
  0.0000000E+00
  0.0000000E+00
  0.0000000E+00
  0.0000000E+00
  0.0000000E+00
   2.191027    
   13.62022    
   29.15057    
   50.29727    
   65.77628    
   68.02749    
   75.35833    
   90.92390    
   104.8562    
   110.6677    
   111.9607    
   118.2021    
   123.4156    
   118.0500    
   99.64175    
   89.12717    
   105.5041    
   130.7569    
   144.7350    
   160.2064    
   183.3334    
   187.3395    
   182.7887    
   190.4424    
   198.3805    
   212.9722    
   252.2489    
   304.9413    
   332.7247    
   371.5618    
   468.4685    
   543.9453    
   568.0466    
   609.7915    
   702.9903    
   835.7686    
   924.8777    
   853.6163    
   722.1931    
   727.0138    
   840.6581    
   989.6068    
   1025.292    
   827.8257    
   609.1840    
   497.8429    
   375.7682    
   235.0562    
   205.0929    
   243.5658    
   190.0140    
   99.22758    
   63.31790    
   60.42403    
   107.9315    
   220.2022    
   504.9150    
   860.6685    
   963.1651    
  0.0000000E+00
  0.0000000E+00
  0.0000000E+00
  0.0000000E+00
  0.0000000E+00
  0.0000000E+00
  0.0000000E+00
  0.0000000E+00
  0.0000000E+00
  0.0000000E+00
  0.0000000E+00
  0.0000000E+00
  0.0000000E+00
  0.0000000E+00
  0.0000000E+00
  0.0000000E+00
  0.0000000E+00
  0.0000000E+00
  0.0000000E+00
  0.0000000E+00
  0.0000000E+00
  0.0000000E+00
  0.0000000E+00
  0.0000000E+00
  0.0000000E+00
  0.0000000E+00
  0.0000000E+00
  0.0000000E+00
  0.0000000E+00
  0.0000000E+00
  0.0000000E+00
  0.0000000E+00
  6.3466460E-02
   6.572074    
   22.51607    
   43.96469    
   56.53006    
   56.41339    
   62.38645    
   76.10156    
   83.01492    
   83.19272    
   95.99278    
   120.2364    
   125.7857    
   98.00815    
   60.91762    
   57.88624    
   91.93004    
   134.3869    
   155.2448    
   161.6092    
   193.6268    
   221.7406    
   221.9184    
   231.3118    
   240.6266    
   250.1234    
   284.8810    
   339.3459    
   364.4948    
   386.9344    
   497.6936    
   617.2758    
   653.6673    
   633.5019    
   651.1592    
   741.5643    
   819.8918    
   825.1084    
   805.3137    
   826.6444    
   875.3550    
   940.6526    
   920.5983    
   869.3063    
   884.4874    
   756.3381    
   481.8813    
   272.9553    
   203.2521    
   219.4191    
   194.8472    
   109.7888    
   67.29970    
   101.4603    
   162.4713    
   272.5126    
   476.1365    
   718.9038    
   903.2126    
  0.0000000E+00
  0.0000000E+00
  0.0000000E+00
  0.0000000E+00
  0.0000000E+00
  0.0000000E+00
  0.0000000E+00
  0.0000000E+00
  0.0000000E+00
  0.0000000E+00
  0.0000000E+00
  0.0000000E+00
  0.0000000E+00
  0.0000000E+00
  0.0000000E+00
  0.0000000E+00
  0.0000000E+00
  0.0000000E+00
  0.0000000E+00
  0.0000000E+00
  0.0000000E+00
  0.0000000E+00
  0.0000000E+00
  0.0000000E+00
  0.0000000E+00
  0.0000000E+00
  0.0000000E+00
  0.0000000E+00
  0.0000000E+00
  0.0000000E+00
  0.0000000E+00
  0.0000000E+00
  0.0000000E+00
   4.967961    
   22.47234    
   41.06168    
   45.57471    
   44.19404    
   57.92734    
   69.28067    
   63.29958    
   67.57258    
   92.44849    
   112.7511    
   98.32463    
   56.24659    
   41.62767    
   68.18982    
   89.56789    
   98.64680    
   110.9952    
   119.4535    
   152.7557    
   196.2930    
   215.7540    
   231.5180    
   227.9501    
   233.7955    
   270.9055    
   305.5938    
   329.7799    
   379.0724    
   467.6452    
   537.1843    
   563.7056    
   556.4997    
   580.1182    
   637.1995    
   654.6310    
   689.1819    
   767.6993    
   828.5782    
   872.0540    
   870.5154    
   870.4053    
   1022.233    
   1171.709    
   982.4384    
   555.8698    
   274.1230    
   191.2873    
   221.7322    
   273.3700    
   186.3338    
   80.17885    
   109.2299    
   183.3600    
   304.1740    
   456.1643    
   604.6919    
   801.0135    
  0.0000000E+00
  0.0000000E+00
  0.0000000E+00
  0.0000000E+00
  0.0000000E+00
  0.0000000E+00
  0.0000000E+00
  0.0000000E+00
  0.0000000E+00
  0.0000000E+00
  0.0000000E+00
  0.0000000E+00
  0.0000000E+00
  0.0000000E+00
  0.0000000E+00
  0.0000000E+00
  0.0000000E+00
  0.0000000E+00
  0.0000000E+00
  0.0000000E+00
  0.0000000E+00
  0.0000000E+00
  0.0000000E+00
  0.0000000E+00
  0.0000000E+00
  0.0000000E+00
  0.0000000E+00
  0.0000000E+00
  0.0000000E+00
  0.0000000E+00
  0.0000000E+00
  0.0000000E+00
  0.0000000E+00
   4.406515    
   20.94329    
   31.29583    
   32.73242    
   44.25061    
   63.96022    
   68.21722    
   55.55328    
   54.71905    
   67.49476    
   70.29269    
   59.06559    
   48.47873    
   59.01622    
   79.47549    
   96.62953    
   109.0942    
   114.8531    
   119.8294    
   137.1044    
   161.8001    
   188.8401    
   224.5239    
   241.7411    
   249.2263    
   262.7650    
   274.0163    
   290.0962    
   331.2924    
   376.0762    
   395.2170    
   431.1410    
   489.5893    
   527.0959    
   553.1940    
   588.0583    
   704.9094    
   840.9470    
   822.2342    
   811.4673    
   848.6163    
   940.5979    
   1192.505    
   1254.397    
   973.0719    
   607.0566    
   333.0333    
   193.9486    
   225.5382    
   331.3231    
   245.0349    
   110.0184    
   153.4012    
   281.7612    
   445.0271    
   621.0637    
   736.2202    
   793.5153    
  0.0000000E+00
  0.0000000E+00
  0.0000000E+00
  0.0000000E+00
  0.0000000E+00
  0.0000000E+00
  0.0000000E+00
  0.0000000E+00
  0.0000000E+00
  0.0000000E+00
  0.0000000E+00
  0.0000000E+00
  0.0000000E+00
  0.0000000E+00
  0.0000000E+00
  0.0000000E+00
  0.0000000E+00
  0.0000000E+00
  0.0000000E+00
  0.0000000E+00
  0.0000000E+00
  0.0000000E+00
  0.0000000E+00
  0.0000000E+00
  0.0000000E+00
  0.0000000E+00
  0.0000000E+00
  0.0000000E+00
  0.0000000E+00
  0.0000000E+00
  0.0000000E+00
  0.0000000E+00
  0.0000000E+00
   3.916340    
   14.01804    
   15.13592    
   25.79858    
   55.00687    
   70.11757    
   62.37751    
   45.52135    
   41.22945    
   49.93321    
   51.84928    
   58.42354    
   71.06236    
   77.62640    
   79.76413    
   92.34875    
   109.3856    
   125.3501    
   153.1296    
   186.0938    
   213.5720    
   229.4736    
   252.7139    
   291.9182    
   321.4038    
   316.8481    
   297.1460    
   294.7011    
   295.1960    
   290.4022    
   319.5739    
   412.2975    
   511.9218    
   546.7282    
   585.2372    
   744.8309    
   1000.287    
   1144.812    
   1019.450    
   888.4537    
   956.2336    
   1076.388    
   1222.477    
   1223.723    
   1030.628    
   852.5988    
   621.7109    
   346.9088    
   234.6418    
   288.9843    
   241.4997    
   126.9310    
   186.2178    
   370.3022    
   611.9753    
   821.8241    
   883.5482    
   885.3895    
  0.0000000E+00
  0.0000000E+00
  0.0000000E+00
  0.0000000E+00
  0.0000000E+00
  0.0000000E+00
  0.0000000E+00
  0.0000000E+00
  0.0000000E+00
  0.0000000E+00
  0.0000000E+00
  0.0000000E+00
  0.0000000E+00
  0.0000000E+00
  0.0000000E+00
  0.0000000E+00
  0.0000000E+00
  0.0000000E+00
  0.0000000E+00
  0.0000000E+00
  0.0000000E+00
  0.0000000E+00
  0.0000000E+00
  0.0000000E+00
  0.0000000E+00
  0.0000000E+00
  0.0000000E+00
  0.0000000E+00
  0.0000000E+00
  0.0000000E+00
  0.0000000E+00
  5.0151241E-03
  0.0000000E+00
   1.010054    
   3.344191    
   9.439613    
   32.32901    
   59.23876    
   62.42348    
   45.62408    
   40.57525    
   57.53649    
   67.99036    
   71.66020    
   76.97151    
   80.20401    
   89.98409    
   100.1615    
   103.5750    
   102.7631    
   122.8892    
   171.7666    
   223.5185    
   252.3393    
   241.7356    
   242.6445    
   291.7308    
   344.8710    
   351.3318    
   334.1173    
   365.2531    
   382.5319    
   341.2170    
   370.3426    
   473.4703    
   531.3036    
   587.9540    
   728.2345    
   979.0441    
   1227.401    
   1278.667    
   1156.611    
   1037.662    
   1122.061    
   1269.537    
   1270.322    
   1201.115    
   1147.288    
   1118.113    
   899.4823    
   496.9747    
   298.2197    
   377.4332    
   347.3391    
   186.5133    
   193.5816    
   345.1009    
   607.8633    
   862.7083    
   910.8567    
   897.8535    
  0.0000000E+00
  0.0000000E+00
  0.0000000E+00
  0.0000000E+00
  0.0000000E+00
  0.0000000E+00
  0.0000000E+00
  0.0000000E+00
  0.0000000E+00
  0.0000000E+00
  0.0000000E+00
  0.0000000E+00
  0.0000000E+00
  0.0000000E+00
  0.0000000E+00
  0.0000000E+00
  0.0000000E+00
  0.0000000E+00
  0.0000000E+00
  0.0000000E+00
  0.0000000E+00
  0.0000000E+00
  0.0000000E+00
  0.0000000E+00
  0.0000000E+00
  0.0000000E+00
  0.0000000E+00
  0.0000000E+00
  0.0000000E+00
  0.0000000E+00
  0.0000000E+00
  0.0000000E+00
  0.0000000E+00
  0.0000000E+00
   4.149687    
   20.84925    
   42.28954    
   54.11691    
   44.51691    
   32.24744    
   53.72554    
   74.17193    
   62.91835    
   60.94520    
   70.91854    
   72.63940    
   77.83958    
   91.03124    
   99.46076    
   101.4863    
   117.7497    
   150.5001    
   189.8036    
   204.9349    
   174.0957    
   177.4225    
   228.7882    
   275.0568    
   325.4997    
   358.7094    
   423.3826    
   511.9142    
   502.8785    
   511.1576    
   612.1213    
   629.2277    
   627.3776    
   793.7734    
   1043.891    
   1190.032    
   1192.545    
   1128.996    
   1073.378    
   1187.156    
   1350.189    
   1258.191    
   1104.542    
   1155.419    
   1212.365    
   997.6171    
   664.5129    
   557.3848    
   605.0875    
   458.7989    
   256.7678    
   252.1650    
   297.0479    
   459.3146    
   756.5822    
   844.7623    
   826.9885    
  0.0000000E+00
  0.0000000E+00
  0.0000000E+00
  0.0000000E+00
  0.0000000E+00
  0.0000000E+00
  0.0000000E+00
  0.0000000E+00
  0.0000000E+00
  0.0000000E+00
  0.0000000E+00
  0.0000000E+00
  0.0000000E+00
  0.0000000E+00
  0.0000000E+00
  0.0000000E+00
  0.0000000E+00
  0.0000000E+00
  0.0000000E+00
  0.0000000E+00
  0.0000000E+00
  0.0000000E+00
  0.0000000E+00
  0.0000000E+00
  0.0000000E+00
  0.0000000E+00
  0.0000000E+00
  0.0000000E+00
  0.0000000E+00
  0.0000000E+00
  0.0000000E+00
  0.0000000E+00
  0.0000000E+00
   1.457294    
   12.47908    
   29.28745    
   43.00635    
   47.97057    
   32.54575    
   22.63849    
   45.09869    
   47.34669    
   28.36731    
   31.29455    
   45.74714    
   54.04525    
   52.92963    
   57.60701    
   70.64191    
   86.74069    
   109.8731    
   122.5674    
   135.0686    
   161.6301    
   158.8728    
   155.4601    
   179.7713    
   212.1085    
   271.9042    
   308.1869    
   387.0575    
   559.0880    
   622.0243    
   604.8389    
   669.2028    
   715.4000    
   710.6832    
   794.8215    
   939.0007    
   1009.037    
   1045.722    
   1042.006    
   1050.051    
   1194.113    
   1235.603    
   1090.162    
   1030.398    
   1122.275    
   1215.254    
   1155.048    
   991.6210    
   876.7659    
   711.7396    
   438.5221    
   245.6913    
   198.6059    
   252.9643    
   438.3834    
   652.2312    
   810.1381    
   998.2788    
  0.0000000E+00
  0.0000000E+00
  0.0000000E+00
  0.0000000E+00
  0.0000000E+00
  0.0000000E+00
  0.0000000E+00
  0.0000000E+00
  0.0000000E+00
  0.0000000E+00
  0.0000000E+00
  0.0000000E+00
  0.0000000E+00
  0.0000000E+00
  0.0000000E+00
  0.0000000E+00
  0.0000000E+00
  0.0000000E+00
  0.0000000E+00
  0.0000000E+00
  0.0000000E+00
  0.0000000E+00
  0.0000000E+00
  0.0000000E+00
  0.0000000E+00
  0.0000000E+00
  0.0000000E+00
  0.0000000E+00
  0.0000000E+00
  0.0000000E+00
  0.0000000E+00
  0.0000000E+00
  0.0000000E+00
   3.176318    
   15.40077    
   26.78826    
   37.37271    
   41.81117    
   24.68767    
   9.372065    
   20.33292    
   21.75414    
   17.65086    
   30.03273    
   37.54282    
   44.86725    
   58.45942    
   77.18787    
   102.7091    
   124.0964    
   146.5515    
   156.8040    
   140.7695    
   160.5414    
   209.0518    
   222.1634    
   227.0907    
   225.3716    
   197.8292    
   212.1602    
   361.9413    
   565.0876    
   630.5466    
   599.4922    
   630.1275    
   714.7252    
   818.8964    
   919.8116    
   938.6781    
   904.7508    
   906.6880    
   943.4864    
   1075.574    
   1224.397    
   1112.808    
   979.2982    
   1017.097    
   1013.611    
   1148.418    
   1270.570    
   1089.930    
   894.9976    
   722.4000    
   510.4875    
   313.3561    
   135.8456    
   237.9457    
   595.8352    
   808.1717    
   1010.166    
   1307.353    
  0.0000000E+00
  0.0000000E+00
  0.0000000E+00
  0.0000000E+00
  0.0000000E+00
  0.0000000E+00
  0.0000000E+00
  0.0000000E+00
  0.0000000E+00
  0.0000000E+00
  0.0000000E+00
  0.0000000E+00
  0.0000000E+00
  0.0000000E+00
  0.0000000E+00
  0.0000000E+00
  0.0000000E+00
  0.0000000E+00
  0.0000000E+00
  0.0000000E+00
  0.0000000E+00
  0.0000000E+00
  0.0000000E+00
  0.0000000E+00
  0.0000000E+00
  0.0000000E+00
  0.0000000E+00
  0.0000000E+00
  0.0000000E+00
  0.0000000E+00
  0.0000000E+00
  0.0000000E+00
  0.0000000E+00
   3.699458    
   15.86230    
   23.96189    
   30.55260    
   29.61896    
   18.61353    
   15.46668    
   25.33905    
   33.55618    
   31.16270    
   30.55865    
   38.03864    
   49.80769    
   68.89265    
   93.52984    
   129.5828    
   169.6519    
   191.6496    
   206.4637    
   193.1367    
   171.6651    
   212.7924    
   266.7618    
   286.9429    
   263.9646    
   222.2095    
   253.4825    
   372.9955    
   509.1801    
   561.0648    
   569.6647    
   662.6862    
   798.3231    
   985.8758    
   1160.125    
   1111.914    
   962.0747    
   884.7844    
   958.1302    
   1127.899    
   1125.224    
   976.1942    
   948.5190    
   938.3655    
   854.4114    
   1038.380    
   1231.873    
   1049.016    
   827.3488    
   704.1857    
   596.9988    
   412.3618    
   166.8604    
   188.3328    
   565.9885    
   981.5350    
   1260.712    
   1404.820    
  0.0000000E+00
  0.0000000E+00
  0.0000000E+00
  0.0000000E+00
  0.0000000E+00
  0.0000000E+00
  0.0000000E+00
  0.0000000E+00
  0.0000000E+00
  0.0000000E+00
  0.0000000E+00
  0.0000000E+00
  0.0000000E+00
  0.0000000E+00
  0.0000000E+00
  0.0000000E+00
  0.0000000E+00
  0.0000000E+00
  0.0000000E+00
  0.0000000E+00
  0.0000000E+00
  0.0000000E+00
  0.0000000E+00
  0.0000000E+00
  0.0000000E+00
  0.0000000E+00
  0.0000000E+00
  0.0000000E+00
  0.0000000E+00
  0.0000000E+00
  0.0000000E+00
  0.0000000E+00
  0.0000000E+00
   2.762642    
   13.24376    
   21.73577    
   28.02793    
   20.73655    
   16.25476    
   33.53614    
   43.60835    
   49.67982    
   53.43463    
   45.58852    
   50.09619    
   67.47710    
   86.18611    
   105.5294    
   123.0307    
   151.6743    
   177.3994    
   196.0009    
   216.0905    
   205.8163    
   199.2422    
   219.5651    
   228.7262    
   252.2409    
   343.6177    
   393.6788    
   364.3647    
   433.1141    
   534.2819    
   587.7695    
   721.0131    
   937.9576    
   1187.130    
   1328.457    
   1197.748    
   983.3339    
   939.4907    
   1039.223    
   1037.130    
   855.0694    
   827.2021    
   938.0542    
   834.3549    
   734.9464    
   949.7552    
   1133.780    
   1068.802    
   945.8486    
   763.4380    
   568.4366    
   380.0545    
   187.3934    
   143.8175    
   332.6133    
   696.0845    
   1063.035    
   1272.714    
  0.0000000E+00
  0.0000000E+00
  0.0000000E+00
  0.0000000E+00
  0.0000000E+00
  0.0000000E+00
  0.0000000E+00
  0.0000000E+00
  0.0000000E+00
  0.0000000E+00
  0.0000000E+00
  0.0000000E+00
  0.0000000E+00
  0.0000000E+00
  0.0000000E+00
  0.0000000E+00
  0.0000000E+00
  0.0000000E+00
  0.0000000E+00
  0.0000000E+00
  0.0000000E+00
  0.0000000E+00
  0.0000000E+00
  0.0000000E+00
  0.0000000E+00
  0.0000000E+00
  0.0000000E+00
  0.0000000E+00
  0.0000000E+00
  0.0000000E+00
  0.0000000E+00
  0.0000000E+00
  0.0000000E+00
  0.7255194    
   7.563234    
   18.17983    
   26.60440    
   18.48608    
   9.079238    
   26.74134    
   50.92155    
   64.36510    
   74.28777    
   70.94936    
   65.10448    
   76.81211    
   96.14681    
   124.4369    
   137.9238    
   133.1055    
   138.4378    
   156.2722    
   195.2708    
   226.8758    
   220.2412    
   178.1216    
   148.7579    
   228.1883    
   379.7062    
   442.8571    
   431.3939    
   470.3712    
   546.4926    
   615.9728    
   746.2730    
   987.8191    
   1220.749    
   1287.890    
   1153.742    
   979.2814    
   956.6128    
   988.3618    
   849.0383    
   666.6549    
   763.9527    
   938.0052    
   830.6096    
   722.3258    
   857.1553    
   955.1810    
   979.2109    
   1024.719    
   867.2012    
   552.8186    
   324.7251    
   214.2280    
   206.6269    
   237.4526    
   309.4503    
   663.2922    
   1194.269    
  0.0000000E+00
  0.0000000E+00
  0.0000000E+00
  0.0000000E+00
  0.0000000E+00
  0.0000000E+00
  0.0000000E+00
  0.0000000E+00
  0.0000000E+00
  0.0000000E+00
  0.0000000E+00
  0.0000000E+00
  0.0000000E+00
  0.0000000E+00
  0.0000000E+00
  0.0000000E+00
  0.0000000E+00
  0.0000000E+00
  0.0000000E+00
  0.0000000E+00
  0.0000000E+00
  0.0000000E+00
  0.0000000E+00
  0.0000000E+00
  0.0000000E+00
  0.0000000E+00
  0.0000000E+00
  0.0000000E+00
  0.0000000E+00
  0.0000000E+00
  0.0000000E+00
  0.0000000E+00
  0.0000000E+00
  0.0000000E+00
   3.382340    
   12.63847    
   18.38123    
   10.50676    
   5.035858    
   26.46328    
   59.89202    
   80.61277    
   93.44849    
   93.27757    
   82.12079    
   78.19820    
   84.23369    
   109.4858    
   136.5790    
   145.9141    
   147.4748    
   153.7831    
   174.1641    
   210.0300    
   242.4581    
   220.6103    
   199.7984    
   294.5363    
   375.5143    
   406.9981    
   510.9432    
   540.2239    
   508.2936    
   561.2384    
   677.6754    
   871.2437    
   1045.101    
   1112.556    
   1151.823    
   1088.851    
   908.1649    
   785.9405    
   670.6085    
   620.8320    
   810.1019    
   987.8269    
   916.7112    
   752.0667    
   697.3095    
   761.0765    
   896.1827    
   994.6331    
   836.5553    
   508.3755    
   294.0746    
   245.4164    
   308.0074    
   368.9789    
   320.3435    
   473.9024    
   1035.086    
  0.0000000E+00
  0.0000000E+00
  0.0000000E+00
  0.0000000E+00
  0.0000000E+00
  0.0000000E+00
  0.0000000E+00
  0.0000000E+00
  0.0000000E+00
  0.0000000E+00
  0.0000000E+00
  0.0000000E+00
  0.0000000E+00
  0.0000000E+00
  0.0000000E+00
  0.0000000E+00
  0.0000000E+00
  0.0000000E+00
  0.0000000E+00
  0.0000000E+00
  0.0000000E+00
  0.0000000E+00
  0.0000000E+00
  0.0000000E+00
  0.0000000E+00
  0.0000000E+00
  0.0000000E+00
  0.0000000E+00
  0.0000000E+00
  0.0000000E+00
  0.0000000E+00
  0.0000000E+00
  0.0000000E+00
  0.0000000E+00
   1.632691    
   6.980307    
   7.439609    
  0.8915744    
   12.44279    
   47.57414    
   67.01320    
   77.52845    
   102.0365    
   112.7380    
   108.5002    
   96.18787    
   86.64819    
   108.5550    
   139.6243    
   153.7565    
   164.4166    
   174.5972    
   192.1067    
   237.0902    
   288.8698    
   312.4075    
   318.7521    
   371.0811    
   404.1558    
   424.3063    
   534.4426    
   569.6825    
   522.5474    
   533.4050    
   568.8521    
   677.7023    
   841.2778    
   983.2480    
   1182.739    
   1183.061    
   855.1127    
   595.9170    
   521.9404    
   658.5718    
   910.8608    
   1002.826    
   953.2831    
   813.1618    
   658.8625    
   667.8948    
   854.8176    
   1010.977    
   856.5028    
   473.0378    
   239.1146    
   238.3066    
   329.2314    
   450.2821    
   495.4364    
   434.7896    
   577.7151    
  0.0000000E+00
  0.0000000E+00
  0.0000000E+00
  0.0000000E+00
  0.0000000E+00
  0.0000000E+00
  0.0000000E+00
  0.0000000E+00
  0.0000000E+00
  0.0000000E+00
  0.0000000E+00
  0.0000000E+00
  0.0000000E+00
  0.0000000E+00
  0.0000000E+00
  0.0000000E+00
  0.0000000E+00
  0.0000000E+00
  0.0000000E+00
  0.0000000E+00
  0.0000000E+00
  0.0000000E+00
  0.0000000E+00
  0.0000000E+00
  0.0000000E+00
  0.0000000E+00
  0.0000000E+00
  0.0000000E+00
  0.0000000E+00
  0.0000000E+00
  0.0000000E+00
  0.0000000E+00
  1.8319441E-03
  0.0000000E+00
   1.066786    
   2.632340    
   1.519934    
   5.517788    
   24.67829    
   47.97845    
   55.63371    
   63.50161    
   80.74995    
   95.90430    
   114.8841    
   120.7484    
   116.8179    
   136.8283    
   163.0037    
   171.5529    
   186.0666    
   211.4223    
   245.4030    
   301.6188    
   341.0807    
   360.5114    
   377.2563    
   382.5634    
   419.0797    
   511.6058    
   614.3922    
   642.0608    
   610.6953    
   595.5315    
   575.4928    
   621.1714    
   808.4341    
   1033.903    
   1198.903    
   1124.069    
   789.8495    
   511.5361    
   522.4773    
   800.2621    
   930.1989    
   853.3054    
   921.4518    
   945.9619    
   773.2313    
   646.4180    
   730.7747    
   932.9706    
   898.4143    
   503.1148    
   205.4904    
   236.7081    
   327.2209    
   393.4224    
   493.6638    
   464.6947    
   314.9258    
  0.0000000E+00
  0.0000000E+00
  0.0000000E+00
  0.0000000E+00
  0.0000000E+00
  0.0000000E+00
  0.0000000E+00
  0.0000000E+00
  0.0000000E+00
  0.0000000E+00
  0.0000000E+00
  0.0000000E+00
  0.0000000E+00
  0.0000000E+00
  0.0000000E+00
  0.0000000E+00
  0.0000000E+00
  0.0000000E+00
  0.0000000E+00
  0.0000000E+00
  0.0000000E+00
  0.0000000E+00
  0.0000000E+00
  0.0000000E+00
  0.0000000E+00
  0.0000000E+00
  0.0000000E+00
  0.0000000E+00
  0.0000000E+00
  0.0000000E+00
  0.0000000E+00
  0.0000000E+00
  1.0969806E-02
  0.0000000E+00
  0.0000000E+00
  0.6126882    
   6.592492    
   21.93081    
   34.55340    
   40.83991    
   47.68038    
   55.61032    
   61.22899    
   71.78882    
   92.59529    
   120.0933    
   145.4373    
   157.9313    
   170.3708    
   199.0087    
   239.0963    
   279.0340    
   309.8655    
   342.5511    
   369.1556    
   383.2960    
   403.6002    
   403.8862    
   441.9047    
   580.5073    
   731.3890    
   778.0598    
   703.5917    
   652.5452    
   654.2573    
   698.2742    
   898.4979    
   1148.245    
   1179.081    
   966.1641    
   675.0234    
   467.4893    
   563.3041    
   890.8827    
   897.5486    
   736.4799    
   958.1397    
   1059.851    
   772.3810    
   561.7806    
   576.1277    
   686.6304    
   688.4941    
   478.2988    
   268.9192    
   281.4099    
   373.1360    
   415.9559    
   478.1602    
   518.3201    
   453.6949    
  0.0000000E+00
  0.0000000E+00
  0.0000000E+00
  0.0000000E+00
  0.0000000E+00
  0.0000000E+00
  0.0000000E+00
  0.0000000E+00
  0.0000000E+00
  0.0000000E+00
  0.0000000E+00
  0.0000000E+00
  0.0000000E+00
  0.0000000E+00
  0.0000000E+00
  0.0000000E+00
  0.0000000E+00
  0.0000000E+00
  0.0000000E+00
  0.0000000E+00
  0.0000000E+00
  0.0000000E+00
  0.0000000E+00
  0.0000000E+00
  0.0000000E+00
  0.0000000E+00
  0.0000000E+00
  0.0000000E+00
  0.0000000E+00
  0.0000000E+00
  0.0000000E+00
  0.0000000E+00
  0.0000000E+00
  0.0000000E+00
  0.2627114    
   3.276975    
   14.36631    
   30.98498    
   35.82694    
   33.71341    
   36.99727    
   42.89125    
   51.74094    
   57.89270    
   63.37333    
   90.01460    
   128.8673    
   144.6514    
   159.8266    
   206.4716    
   277.1619    
   343.6559    
   368.4550    
   372.7344    
   382.1948    
   389.2405    
   417.9971    
   453.4418    
   498.9380    
   608.6697    
   759.3539    
   837.2737    
   768.2594    
   707.7419    
   719.3715    
   758.7305    
   932.1036    
   1143.319    
   1109.361    
   827.4576    
   557.1176    
   450.6386    
   555.3920    
   826.1015    
   846.7915    
   793.8563    
   1093.900    
   1050.176    
   596.5598    
   406.6412    
   496.1455    
   583.7329    
   515.4680    
   400.6336    
   306.9413    
   277.9980    
   351.6203    
   442.7520    
   489.5106    
   516.7379    
   531.3822    
  0.0000000E+00
  0.0000000E+00
  0.0000000E+00
  0.0000000E+00
  0.0000000E+00
  0.0000000E+00
  0.0000000E+00
  0.0000000E+00
  0.0000000E+00
  0.0000000E+00
  0.0000000E+00
  0.0000000E+00
  0.0000000E+00
  0.0000000E+00
  0.0000000E+00
  0.0000000E+00
  0.0000000E+00
  0.0000000E+00
  0.0000000E+00
  0.0000000E+00
  0.0000000E+00
  0.0000000E+00
  0.0000000E+00
  0.0000000E+00
  0.0000000E+00
  0.0000000E+00
  0.0000000E+00
  0.0000000E+00
  0.0000000E+00
  0.0000000E+00
  0.0000000E+00
  0.0000000E+00
  0.0000000E+00
  0.1460368    
   4.096505    
   8.274107    
   14.74720    
   32.33887    
   39.93722    
   32.95982    
   29.03938    
   23.88500    
   32.49226    
   59.80545    
   68.43516    
   74.17870    
   100.0911    
   124.9995    
   167.1686    
   222.3731    
   289.3620    
   351.8911    
   364.7583    
   362.5828    
   358.5375    
   353.1330    
   389.2219    
   448.6965    
   517.4771    
   612.8014    
   738.8871    
   825.2440    
   801.2372    
   773.3435    
   759.8139    
   776.5800    
   904.8859    
   1030.222    
   1020.548    
   790.3562    
   510.1005    
   459.8435    
   547.2526    
   649.2233    
   706.2329    
   891.4427    
   1138.586    
   881.2811    
   427.5029    
   337.1364    
   478.7431    
   626.4897    
   584.0347    
   370.4190    
   237.9006    
   236.7988    
   297.3222    
   356.0354    
   371.6006    
   392.1280    
   378.1690    
  0.0000000E+00
  0.0000000E+00
  0.0000000E+00
  0.0000000E+00
  0.0000000E+00
  0.0000000E+00
  0.0000000E+00
  0.0000000E+00
  0.0000000E+00
  0.0000000E+00
  0.0000000E+00
  0.0000000E+00
  0.0000000E+00
  0.0000000E+00
  0.0000000E+00
  0.0000000E+00
  0.0000000E+00
  0.0000000E+00
  0.0000000E+00
  0.0000000E+00
  0.0000000E+00
  0.0000000E+00
  0.0000000E+00
  0.0000000E+00
  0.0000000E+00
  0.0000000E+00
  0.0000000E+00
  0.0000000E+00
  0.0000000E+00
  0.0000000E+00
  0.0000000E+00
  1.6089516E-02
  0.0000000E+00
  0.9842411    
   4.529850    
   7.117429    
   14.23139    
   29.56861    
   42.34642    
   50.24997    
   44.86572    
   23.74808    
   41.07918    
   89.06723    
   91.28011    
   81.30003    
   96.82288    
   126.5613    
   189.2755    
   241.1832    
   263.3134    
   288.3423    
   298.2792    
   296.5869    
   304.2256    
   321.2717    
   351.9548    
   398.1896    
   477.8296    
   595.3676    
   732.0859    
   806.8865    
   787.9373    
   777.4329    
   764.9999    
   770.5111    
   845.2349    
   899.1198    
   915.6238    
   763.6567    
   477.4484    
   398.2320    
   450.4139    
   462.3486    
   621.1947    
   922.2982    
   963.5475    
   652.3651    
   365.6951    
   347.1133    
   493.7103    
   630.6127    
   597.5275    
   358.1339    
   192.4837    
   210.5807    
   253.3571    
   263.3461    
   272.4910    
   268.9413    
   242.7230    
  0.0000000E+00
  0.0000000E+00
  0.0000000E+00
  0.0000000E+00
  0.0000000E+00
  0.0000000E+00
  0.0000000E+00
  0.0000000E+00
  0.0000000E+00
  0.0000000E+00
  0.0000000E+00
  0.0000000E+00
  0.0000000E+00
  0.0000000E+00
  0.0000000E+00
  0.0000000E+00
  0.0000000E+00
  0.0000000E+00
  0.0000000E+00
  0.0000000E+00
  0.0000000E+00
  0.0000000E+00
  0.0000000E+00
  0.0000000E+00
  0.0000000E+00
  0.0000000E+00
  0.0000000E+00
  0.0000000E+00
  0.0000000E+00
  0.0000000E+00
  0.0000000E+00
  0.0000000E+00
  4.0175393E-02
   1.201974    
   1.787755    
   3.448025    
   12.06030    
   19.35666    
   27.19106    
   43.34184    
   45.31075    
   40.54662    
   69.89771    
   100.0276    
   91.40474    
   81.87591    
   95.33651    
   132.5835    
   185.9416    
   216.0372    
   219.9909    
   238.1044    
   253.3018    
   268.0767    
   303.1245    
   315.8635    
   329.9340    
   390.5791    
   482.1801    
   589.1886    
   683.7480    
   706.4877    
   673.3461    
   694.2121    
   743.8425    
   733.1680    
   725.5784    
   788.8718    
   844.2477    
   687.1110    
   403.5135    
   314.2401    
   335.6833    
   383.9393    
   645.3406    
   868.9009    
   745.3630    
   512.0056    
   370.5032    
   408.1454    
   572.0107    
   592.6987    
   455.0357    
   305.4163    
   216.4029    
   204.1037    
   205.8872    
   232.3917    
   261.4166    
   297.0259    
   358.4582    
  0.0000000E+00
  0.0000000E+00
  0.0000000E+00
  0.0000000E+00
  0.0000000E+00
  0.0000000E+00
  0.0000000E+00
  0.0000000E+00
  0.0000000E+00
  0.0000000E+00
  0.0000000E+00
  0.0000000E+00
  0.0000000E+00
  0.0000000E+00
  0.0000000E+00
  0.0000000E+00
  0.0000000E+00
  0.0000000E+00
  0.0000000E+00
  0.0000000E+00
  0.0000000E+00
  0.0000000E+00
  0.0000000E+00
  0.0000000E+00
  0.0000000E+00
  0.0000000E+00
  0.0000000E+00
  0.0000000E+00
  0.0000000E+00
  0.0000000E+00
  0.0000000E+00
  0.0000000E+00
  0.6234773    
   1.453998    
  0.7395161    
  0.9733665    
   4.707841    
   9.449975    
   19.95898    
   33.16424    
   39.14042    
   60.73162    
   95.49028    
   101.2830    
   89.93131    
   88.24442    
   104.8954    
   145.5578    
   179.1030    
   191.2537    
   209.8682    
   255.0949    
   283.6877    
   303.4619    
   354.0967    
   381.9671    
   394.1707    
   427.9478    
   494.2021    
   564.3937    
   594.2799    
   591.6843    
   571.1223    
   611.8702    
   692.5815    
   689.6169    
   640.2202    
   688.4647    
   771.7274    
   624.4302    
   364.5172    
   293.2503    
   307.4693    
   404.0488    
   672.7261    
   825.3573    
   699.0045    
   488.8501    
   393.5500    
   500.0922    
   641.3767    
   551.3574    
   348.6587    
   253.2259    
   244.3866    
   241.9572    
   216.0229    
   222.1222    
   252.1094    
   452.6113    
   636.5367    
  0.0000000E+00
  0.0000000E+00
  0.0000000E+00
  0.0000000E+00
  0.0000000E+00
  0.0000000E+00
  0.0000000E+00
  0.0000000E+00
  0.0000000E+00
  0.0000000E+00
  0.0000000E+00
  0.0000000E+00
  0.0000000E+00
  0.0000000E+00
  0.0000000E+00
  0.0000000E+00
  0.0000000E+00
  0.0000000E+00
  0.0000000E+00
  0.0000000E+00
  0.0000000E+00
  0.0000000E+00
  0.0000000E+00
  0.0000000E+00
  0.0000000E+00
  0.0000000E+00
  0.0000000E+00
  0.0000000E+00
  0.0000000E+00
  0.0000000E+00
  6.8726519E-04
  0.0000000E+00
  0.2123281    
  0.2006155    
  0.0000000E+00
   1.676364    
   6.207395    
   13.62136    
   33.32969    
   48.76087    
   48.81820    
   70.98855    
   106.1995    
   110.0014    
   109.7631    
   118.2798    
   130.9308    
   158.2845    
   179.8813    
   194.6644    
   213.1623    
   267.2030    
   316.3462    
   314.0934    
   351.8025    
   429.7736    
   465.1667    
   450.3733    
   461.3420    
   517.7999    
   533.0001    
   525.1709    
   532.4128    
   561.1898    
   610.2892    
   636.0762    
   640.4299    
   634.2480    
   636.0473    
   561.6136    
   401.2108    
   318.0927    
   317.9763    
   446.7682    
   678.2554    
   813.2273    
   720.2446    
   469.8721    
   373.6899    
   488.4865    
   582.5187    
   524.6719    
   363.2367    
   235.6253    
   239.9994    
   281.6400    
   268.2467    
   231.4932    
   285.4550    
   603.2471    
   777.5485    
  0.0000000E+00
  0.0000000E+00
  0.0000000E+00
  0.0000000E+00
  0.0000000E+00
  0.0000000E+00
  0.0000000E+00
  0.0000000E+00
  0.0000000E+00
  0.0000000E+00
  0.0000000E+00
  0.0000000E+00
  0.0000000E+00
  0.0000000E+00
  0.0000000E+00
  0.0000000E+00
  0.0000000E+00
  0.0000000E+00
  0.0000000E+00
  0.0000000E+00
  0.0000000E+00
  0.0000000E+00
  0.0000000E+00
  0.0000000E+00
  0.0000000E+00
  0.0000000E+00
  0.0000000E+00
  0.0000000E+00
  0.0000000E+00
  0.0000000E+00
  0.0000000E+00
  0.0000000E+00
  0.2748979    
   1.115646    
   3.194936    
   10.37876    
   17.40686    
   24.68662    
   40.62001    
   55.00898    
   58.88099    
   66.13935    
   84.55589    
   110.9720    
   138.1056    
   140.7694    
   138.7757    
   154.4844    
   168.3052    
   186.8993    
   206.0400    
   235.3573    
   266.7747    
   273.9232    
   310.6734    
   371.1278    
   402.4261    
   415.8104    
   448.5444    
   495.7743    
   488.0175    
   469.2834    
   478.5451    
   490.7279    
   516.1815    
   541.1768    
   603.4021    
   626.4265    
   560.7690    
   500.3364    
   426.7535    
   337.7014    
   332.3590    
   446.7854    
   615.0159    
   724.3159    
   608.2695    
   372.1906    
   316.7328    
   453.1501    
   557.2838    
   513.6743    
   368.1729    
   230.4182    
   234.5555    
   285.6205    
   290.6985    
   258.2036    
   307.8954    
   595.0093    
   822.6760    
  0.0000000E+00
  0.0000000E+00
  0.0000000E+00
  0.0000000E+00
  0.0000000E+00
  0.0000000E+00
  0.0000000E+00
  0.0000000E+00
  0.0000000E+00
  0.0000000E+00
  0.0000000E+00
  0.0000000E+00
  0.0000000E+00
  0.0000000E+00
  0.0000000E+00
  0.0000000E+00
  0.0000000E+00
  0.0000000E+00
  0.0000000E+00
  0.0000000E+00
  0.0000000E+00
  0.0000000E+00
  0.0000000E+00
  0.0000000E+00
  0.0000000E+00
  0.0000000E+00
  0.0000000E+00
  0.0000000E+00
  0.0000000E+00
  0.0000000E+00
  4.8832158E-03
  0.0000000E+00
  0.6457058    
   3.309413    
   8.621750    
   14.96619    
   16.81262    
   19.82127    
   26.13087    
   36.09692    
   49.59927    
   60.00251    
   86.99246    
   130.4628    
   147.6832    
   137.3027    
   134.9588    
   144.4684    
   150.3993    
   164.8108    
   192.8858    
   209.7940    
   218.8681    
   246.8540    
   289.9890    
   322.2908    
   344.6875    
   385.1964    
   438.1913    
   452.5423    
   442.3672    
   451.8669    
   440.2338    
   425.4822    
   434.9207    
   450.6394    
   524.0811    
   590.2325    
   546.3578    
   449.0868    
   365.7928    
   302.7104    
   309.9093    
   377.6916    
   483.1280    
   553.8784    
   437.6433    
   301.6044    
   307.7128    
   448.5355    
   608.2157    
   594.9601    
   411.3373    
   233.1555    
   222.3932    
   266.3719    
   272.4231    
   267.8061    
   311.0135    
   520.0242    
   852.3182    
  0.0000000E+00
  0.0000000E+00
  0.0000000E+00
  0.0000000E+00
  0.0000000E+00
  0.0000000E+00
  0.0000000E+00
  0.0000000E+00
  0.0000000E+00
  0.0000000E+00
  0.0000000E+00
  0.0000000E+00
  0.0000000E+00
  0.0000000E+00
  0.0000000E+00
  0.0000000E+00
  0.0000000E+00
  0.0000000E+00
  0.0000000E+00
  0.0000000E+00
  0.0000000E+00
  0.0000000E+00
  0.0000000E+00
  0.0000000E+00
  0.0000000E+00
  0.0000000E+00
  0.0000000E+00
  0.0000000E+00
  1.6839543E-02
  0.0000000E+00
  0.0000000E+00
  0.0000000E+00
  0.0000000E+00
   1.376387    
   4.313573    
   6.253411    
   6.242213    
   6.670743    
   7.668767    
   14.95057    
   29.16882    
   57.21053    
   107.7736    
   141.8966    
   138.6835    
   132.8848    
   132.6732    
   133.2247    
   136.5652    
   144.9915    
   167.8716    
   189.8368    
   204.1829    
   230.1761    
   263.1856    
   305.3900    
   344.4377    
   366.3190    
   376.4946    
   375.2281    
   395.6249    
   424.9072    
   429.1296    
   426.0527    
   398.8100    
   381.1512    
   436.4162    
   484.5309    
   473.6770    
   414.4028    
   325.2005    
   264.7706    
   265.4769    
   301.4341    
   374.1085    
   419.5939    
   337.9162    
   297.2026    
   350.4138    
   418.0533    
   551.5822    
   660.0804    
   534.6942    
   273.0738    
   191.2794    
   232.1136    
   239.6440    
   258.4228    
   338.3339    
   494.1658    
   757.5342    
  0.0000000E+00
  0.0000000E+00
  0.0000000E+00
  0.0000000E+00
  0.0000000E+00
  0.0000000E+00
  0.0000000E+00
  0.0000000E+00
  0.0000000E+00
  0.0000000E+00
  0.0000000E+00
  0.0000000E+00
  0.0000000E+00
  0.0000000E+00
  0.0000000E+00
  0.0000000E+00
  0.0000000E+00
  0.0000000E+00
  0.0000000E+00
  0.0000000E+00
  0.0000000E+00
  0.0000000E+00
  0.0000000E+00
  0.0000000E+00
  0.0000000E+00
  0.0000000E+00
  0.0000000E+00
  1.3358437E-02
  7.8161933E-02
  0.0000000E+00
  0.0000000E+00
  0.0000000E+00
   1.854282    
   2.075693    
  0.2521567    
   2.065430    
  0.6120443    
   2.497057    
   7.551062    
   20.65822    
   37.04044    
   66.20483    
   107.8411    
   132.7715    
   139.3112    
   135.6045    
   125.1509    
   124.7046    
   130.8213    
   133.3955    
   137.1058    
   148.8725    
   169.3365    
   192.1735    
   219.0491    
   271.7837    
   316.6082    
   316.4553    
   314.8339    
   334.3929    
   356.4528    
   383.3642    
   421.2464    
   436.1218    
   371.5053    
   309.7885    
   337.4600    
   363.3567    
   396.2062    
   424.9098    
   357.4659    
   266.5077    
   250.5527    
   283.9911    
   337.3095    
   362.7134    
   299.4141    
   284.2960    
   358.8914    
   397.9720    
   450.6432    
   556.8577    
   524.3423    
   307.3970    
   182.2416    
   198.6920    
   212.7828    
   234.3396    
   330.2790    
   466.4243    
   629.0709    
  0.0000000E+00
  0.0000000E+00
  0.0000000E+00
  0.0000000E+00
  0.0000000E+00
  0.0000000E+00
  0.0000000E+00
  0.0000000E+00
  0.0000000E+00
  0.0000000E+00
  0.0000000E+00
  0.0000000E+00
  0.0000000E+00
  0.0000000E+00
  0.0000000E+00
  0.0000000E+00
  0.0000000E+00
  0.0000000E+00
  0.0000000E+00
  0.0000000E+00
  0.0000000E+00
  0.0000000E+00
  0.0000000E+00
  0.0000000E+00
  0.0000000E+00
  0.0000000E+00
  0.0000000E+00
  0.0000000E+00
  0.0000000E+00
   2.029680    
   9.210243    
   17.22102    
   20.14986    
   11.59570    
   5.180043    
   7.922436    
   12.99373    
   21.93214    
   35.50140    
   50.15672    
   72.25500    
   105.0267    
   135.2356    
   152.9433    
   152.6167    
   137.9423    
   126.5213    
   126.8603    
   125.2157    
   122.0891    
   121.8407    
   121.7069    
   135.9140    
   155.8736    
   175.4317    
   221.0877    
   257.8213    
   263.5501    
   301.3317    
   352.8744    
   360.0624    
   376.7001    
   411.6043    
   399.3200    
   323.0438    
   264.0759    
   273.7819    
   281.5023    
   341.5865    
   419.8969    
   366.3949    
   270.6649    
   256.0674    
   287.6866    
   311.4321    
   307.2246    
   271.3600    
   260.4165    
   306.6611    
   357.0218    
   384.5742    
   413.9645    
   405.9946    
   296.1594    
   190.1071    
   185.2029    
   201.3855    
   224.4815    
   331.2985    
   464.5768    
   585.6393    
  0.0000000E+00
  0.0000000E+00
  0.0000000E+00
  0.0000000E+00
  0.0000000E+00
  0.0000000E+00
  0.0000000E+00
  0.0000000E+00
  0.0000000E+00
  0.0000000E+00
  0.0000000E+00
  0.0000000E+00
  0.0000000E+00
  0.0000000E+00
  0.0000000E+00
  0.0000000E+00
  0.0000000E+00
  0.0000000E+00
  0.0000000E+00
  0.0000000E+00
  0.0000000E+00
  0.0000000E+00
  0.0000000E+00
  4.1591772E-03
  0.0000000E+00
  0.0000000E+00
  0.0000000E+00
  0.0000000E+00
  0.0000000E+00
   8.057838    
   31.27856    
   49.16273    
   48.85762    
   32.15315    
   23.38431    
   34.04175    
   50.08914    
   60.81548    
   77.00889    
   102.9194    
   132.1228    
   162.2536    
   180.6147    
   178.8993    
   160.2863    
   142.4311    
   131.2526    
   124.2923    
   115.9170    
   112.1622    
   118.7316    
   117.8083    
   120.9142    
   129.3574    
   139.4725    
   169.0890    
   197.0872    
   218.6461    
   266.2723    
   312.3657    
   311.2091    
   315.4562    
   340.7800    
   328.5552    
   276.5875    
   243.1119    
   264.7175    
   275.0462    
   299.2876    
   351.3996    
   318.5132    
   255.8967    
   255.5063    
   266.7236    
   263.4119    
   262.2873    
   258.4250    
   252.0312    
   272.9322    
   324.3421    
   343.9734    
   324.7277    
   320.0472    
   288.8697    
   213.8139    
   187.6110    
   193.0117    
   230.1153    
   359.0208    
   493.4987    
   590.3406    
  0.0000000E+00
  0.0000000E+00
  0.0000000E+00
  0.0000000E+00
  0.0000000E+00
  0.0000000E+00
  0.0000000E+00
  0.0000000E+00
  0.0000000E+00
  0.0000000E+00
  0.0000000E+00
  0.0000000E+00
  0.0000000E+00
  0.0000000E+00
  0.0000000E+00
  0.0000000E+00
  0.0000000E+00
  0.0000000E+00
  0.0000000E+00
  0.0000000E+00
  0.0000000E+00
  0.0000000E+00
  3.8348513E-05
  4.4590691E-03
  5.9831068E-02
  0.1385845    
  4.4119399E-02
  7.4986517E-02
   1.806077    
   16.34381    
   39.87764    
   58.17222    
   62.91552    
   60.86714    
   57.55000    
   60.81865    
   75.83704    
   93.53276    
   123.3483    
   162.9630    
   192.4117    
   194.7520    
   186.4512    
   177.0271    
   160.1465    
   140.9216    
   119.0122    
   108.0984    
   111.4193    
   117.3438    
   122.2119    
   114.1624    
   109.2848    
   111.6750    
   120.6106    
   141.1067    
   161.2048    
   179.5342    
   199.4279    
   222.6632    
   238.7099    
   243.1371    
   247.4224    
   251.0305    
   228.6177    
   217.0372    
   274.8345    
   310.3474    
   285.3730    
   276.2436    
   258.4872    
   238.2529    
   248.9906    
   240.5430    
   232.5139    
   268.2045    
   287.0482    
   268.8006    
   281.4069    
   331.7115    
   344.0479    
   293.2592    
   268.0873    
   276.0625    
   236.2658    
   194.0721    
   187.4790    
   209.3737    
   325.4621    
   482.0847    
   567.9320    
  0.0000000E+00
  0.0000000E+00
  0.0000000E+00
  0.0000000E+00
  0.0000000E+00
  0.0000000E+00
  0.0000000E+00
  0.0000000E+00
  0.0000000E+00
  0.0000000E+00
  0.0000000E+00
  0.0000000E+00
  0.0000000E+00
  0.0000000E+00
  0.0000000E+00
  0.0000000E+00
  0.0000000E+00
  0.0000000E+00
  0.0000000E+00
  0.0000000E+00
  0.0000000E+00
  0.0000000E+00
  0.0000000E+00
  5.2777929E-03
  0.3952189    
  0.9898704    
  5.2386824E-02
  0.1324806    
   4.727808    
   25.74496    
   41.70881    
   55.94466    
   67.66951    
   82.77773    
   87.29379    
   75.39914    
   81.22454    
   122.2443    
   170.6366    
   188.1372    
   202.7597    
   191.7414    
   165.6783    
   155.5453    
   143.9312    
   127.4567    
   104.7803    
   87.73384    
   98.38210    
   119.7440    
   122.6762    
   105.3380    
   99.45697    
   103.4996    
   110.0574    
   128.6878    
   145.6235    
   152.2683    
   159.8968    
   184.6982    
   220.1739    
   225.3608    
   205.6999    
   199.6125    
   195.7433    
   201.7306    
   246.4886    
   277.8078    
   258.9840    
   239.1201    
   230.9422    
   233.2703    
   239.1667    
   222.6641    
   220.8905    
   276.2794    
   317.4432    
   303.0275    
   294.6393    
   318.0498    
   343.9507    
   324.6100    
   274.4300    
   235.1479    
   209.5663    
   194.5687    
   190.1085    
   185.5052    
   251.5450    
   418.3707    
   521.7253    
  0.0000000E+00
  0.0000000E+00
  0.0000000E+00
  0.0000000E+00
  0.0000000E+00
  0.0000000E+00
  0.0000000E+00
  0.0000000E+00
  0.0000000E+00
  0.0000000E+00
  0.0000000E+00
  0.0000000E+00
  0.0000000E+00
  0.0000000E+00
  0.0000000E+00
  0.0000000E+00
  0.0000000E+00
  0.0000000E+00
  0.0000000E+00
  0.0000000E+00
  0.0000000E+00
  0.0000000E+00
  0.0000000E+00
  3.8974453E-04
  0.6175246    
   1.036344    
  6.8916162E-03
  0.6960354    
   3.439008    
   24.11364    
   40.02783    
   54.16716    
   70.43908    
   82.13010    
   88.53954    
   82.08920    
   105.1014    
   161.5397    
   182.8237    
   189.1628    
   190.5462    
   172.5951    
   144.7124    
   126.3902    
   109.5483    
   105.9048    
   104.8020    
   86.58144    
   85.69264    
   107.9801    
   109.6077    
   99.22379    
   101.8728    
   102.2776    
   104.5875    
   118.5765    
   135.5812    
   147.0128    
   154.8831    
   169.4062    
   187.8037    
   191.5171    
   180.9794    
   173.9293    
   183.0840    
   199.4100    
   212.0215    
   224.5437    
   222.8490    
   214.3662    
   220.0938    
   226.6147    
   220.3146    
   213.3400    
   222.8181    
   263.6042    
   315.9492    
   332.3167    
   326.4119    
   328.7784    
   326.8994    
   338.1034    
   313.9342    
   221.2168    
   179.1497    
   195.7666    
   197.8419    
   187.9694    
   205.7115    
   329.1297    
   475.1957    
  0.0000000E+00
  0.0000000E+00
  0.0000000E+00
  0.0000000E+00
  0.0000000E+00
  0.0000000E+00
  0.0000000E+00
  0.0000000E+00
  0.0000000E+00
  0.0000000E+00
  0.0000000E+00
  0.0000000E+00
  0.0000000E+00
  0.0000000E+00
  0.0000000E+00
  0.0000000E+00
  0.0000000E+00
  0.0000000E+00
  0.0000000E+00
  0.0000000E+00
  0.0000000E+00
  0.0000000E+00
  0.0000000E+00
  0.0000000E+00
  0.0000000E+00
  3.3916411E-05
  0.2121881    
   1.780165    
   4.251812    
   31.36486    
   51.17562    
   50.94335    
   65.86372    
   70.94769    
   78.78903    
   96.54988    
   149.7133    
   177.3779    
   179.1864    
   182.0616    
   171.7783    
   150.2336    
   126.4960    
   103.1831    
   79.50476    
   82.48363    
   101.0897    
   99.70131    
   94.10117    
   96.55376    
   95.95940    
   106.2429    
   119.2229    
   114.0626    
   107.4982    
   114.7579    
   136.1839    
   156.6645    
   161.8633    
   156.6240    
   154.0870    
   159.9863    
   163.5489    
   164.2881    
   172.2985    
   184.5031    
   199.4433    
   212.7671    
   207.7914    
   198.7693    
   211.5216    
   220.0245    
   214.1778    
   216.5700    
   226.7768    
   255.1122    
   311.0495    
   336.6652    
   348.1883    
   386.6714    
   367.7156    
   338.6387    
   312.1735    
   221.7934    
   178.1124    
   196.9305    
   201.3822    
   195.8698    
   195.3832    
   263.7571    
   421.8498    
  0.0000000E+00
  0.0000000E+00
  0.0000000E+00
  0.0000000E+00
  0.0000000E+00
  0.0000000E+00
  0.0000000E+00
  0.0000000E+00
  0.0000000E+00
  0.0000000E+00
  0.0000000E+00
  0.0000000E+00
  0.0000000E+00
  0.0000000E+00
  0.0000000E+00
  0.0000000E+00
  0.0000000E+00
  0.0000000E+00
  0.0000000E+00
  0.0000000E+00
  0.0000000E+00
  0.0000000E+00
  0.0000000E+00
  0.0000000E+00
  0.0000000E+00
  9.2672706E-03
  0.1377451    
   2.054141    
   8.387856    
   23.08226    
   33.54943    
   43.81866    
   49.10567    
   53.15953    
   73.78872    
   112.5408    
   165.1092    
   160.2089    
   168.2760    
   155.5671    
   139.1067    
   122.8789    
   100.1506    
   83.24942    
   71.56235    
   73.12675    
   85.38780    
   97.71742    
   97.69841    
   84.20181    
   88.81911    
   116.2713    
   131.4220    
   121.9924    
   118.3216    
   130.3762    
   146.0648    
   162.6208    
   171.9951    
   163.8678    
   148.3565    
   146.8564    
   155.6658    
   165.0287    
   169.5145    
   171.8057    
   190.2385    
   210.0834    
   206.0812    
   197.0604    
   208.8966    
   229.8853    
   236.0099    
   228.0144    
   220.6884    
   270.4030    
   376.6960    
   386.3280    
   338.0664    
   406.1401    
   457.3546    
   395.9998    
   305.8339    
   215.1230    
   179.6369    
   187.3836    
   190.8775    
   196.0848    
   200.9506    
   230.8922    
   355.1644    
  0.0000000E+00
  0.0000000E+00
  0.0000000E+00
  0.0000000E+00
  0.0000000E+00
  0.0000000E+00
  0.0000000E+00
  0.0000000E+00
  0.0000000E+00
  0.0000000E+00
  0.0000000E+00
  0.0000000E+00
  0.0000000E+00
  0.0000000E+00
  0.0000000E+00
  0.0000000E+00
  0.0000000E+00
  0.0000000E+00
  0.0000000E+00
  0.0000000E+00
  0.0000000E+00
  0.0000000E+00
  0.0000000E+00
  0.0000000E+00
  0.0000000E+00
  0.3275583    
  0.2681326    
  0.1483749    
   4.654243    
   13.46355    
   21.61823    
   20.60562    
   30.16553    
   43.31384    
   68.40179    
   100.3213    
   107.7980    
   121.5468    
   151.5721    
   144.5783    
   121.9922    
   95.26074    
   66.03342    
   57.90417    
   68.30917    
   75.06046    
   75.71147    
   82.94603    
   84.91108    
   81.53194    
   97.01443    
   120.0999    
   125.7740    
   118.9416    
   134.9697    
   156.0061    
   154.5107    
   159.7221    
   170.2830    
   166.1800    
   148.4261    
   135.5149    
   140.7822    
   153.1775    
   159.8359    
   166.8340    
   184.9080    
   200.2309    
   196.9547    
   189.3951    
   209.9520    
   254.9137    
   269.3029    
   244.7942    
   226.4542    
   302.4288    
   469.3605    
   494.3677    
   367.7067    
   365.3498    
   444.9720    
   445.7985    
   365.0149    
   237.2407    
   179.5413    
   184.0654    
   181.7296    
   188.3359    
   202.1133    
   214.9805    
   277.9146    
  0.0000000E+00
  0.0000000E+00
  0.0000000E+00
  0.0000000E+00
  0.0000000E+00
  0.0000000E+00
  0.0000000E+00
  0.0000000E+00
  0.0000000E+00
  0.0000000E+00
  0.0000000E+00
  0.0000000E+00
  0.0000000E+00
  0.0000000E+00
  0.0000000E+00
  0.0000000E+00
  1.4426409E-02
  1.4157374E-03
  0.0000000E+00
  0.0000000E+00
  0.0000000E+00
  0.0000000E+00
  0.0000000E+00
  0.0000000E+00
  0.0000000E+00
  1.5211471E-02
   2.509557    
   8.827744    
   15.43054    
   19.69634    
   7.412250    
   11.89730    
   32.95619    
   36.66052    
   64.22350    
   89.82642    
   99.93658    
   114.9463    
   144.1985    
   132.2009    
   106.1402    
   78.08636    
   53.19946    
   46.05831    
   57.28992    
   65.05673    
   73.49015    
   80.94273    
   84.07123    
   96.99957    
   112.1204    
   113.6649    
   111.7751    
   118.5518    
   136.5167    
   154.7021    
   152.7208    
   144.3256    
   142.7082    
   143.2529    
   137.3926    
   126.0377    
   128.9688    
   142.3859    
   149.4792    
   160.1564    
   177.5481    
   185.9309    
   189.8597    
   196.5066    
   227.7422    
   288.0754    
   305.6106    
   270.0056    
   256.8490    
   329.5918    
   493.6183    
   563.3374    
   440.4587    
   346.6357    
   370.2029    
   441.8466    
   449.8544    
   310.5161    
   201.0267    
   191.5427    
   184.5664    
   183.5079    
   201.8425    
   217.7536    
   234.1404    
  0.0000000E+00
  0.0000000E+00
  0.0000000E+00
  0.0000000E+00
  0.0000000E+00
  0.0000000E+00
  0.0000000E+00
  0.0000000E+00
  0.0000000E+00
  0.0000000E+00
  0.0000000E+00
  0.0000000E+00
  0.0000000E+00
  0.0000000E+00
  0.0000000E+00
  0.0000000E+00
  0.1554408    
  9.2194609E-02
  2.7640494E-02
  0.0000000E+00
  0.0000000E+00
  0.0000000E+00
  0.0000000E+00
  8.7602370E-05
  2.4892911E-04
  2.9859683E-02
   5.669159    
   26.69497    
   28.68838    
   15.53408    
   17.63650    
   19.69183    
   19.51444    
   28.33686    
   78.72494    
   88.46317    
   92.16507    
   100.0296    
   109.8163    
   98.81100    
   80.93259    
   72.78300    
   64.88118    
   50.85040    
   46.33743    
   45.75416    
   61.05155    
   84.61528    
   95.78204    
   102.1442    
   104.1645    
   98.75241    
   99.77362    
   119.8962    
   133.1748    
   130.3452    
   123.7849    
   113.8829    
   115.9819    
   128.6681    
   132.8306    
   127.7537    
   140.0242    
   172.1468    
   185.0002    
   190.2444    
   197.7909    
   183.9546    
   180.6682    
   209.3070    
   253.2209    
   304.2853    
   314.8266    
   278.7610    
   270.7419    
   339.9064    
   494.3982    
   588.8705    
   505.7800    
   399.2740    
   375.2621    
   416.6508    
   477.8059    
   420.9670    
   271.4909    
   198.1749    
   185.4808    
   185.1375    
   208.9757    
   228.4223    
   232.1431    
  0.0000000E+00
  0.0000000E+00
  0.0000000E+00
  0.0000000E+00
  0.0000000E+00
  0.0000000E+00
  0.0000000E+00
  0.0000000E+00
  0.0000000E+00
  0.0000000E+00
  0.0000000E+00
  0.0000000E+00
  0.0000000E+00
  0.0000000E+00
  0.0000000E+00
  0.0000000E+00
  0.1601523    
   1.219231    
  0.6240950    
   1.533474    
  2.3519879E-03
  0.0000000E+00
  0.0000000E+00
  6.5412987E-03
  0.9600412    
   9.498856    
   4.622794    
   8.559798    
   11.50270    
   10.89743    
   46.89283    
   35.41922    
   17.42353    
   40.26571    
   82.48267    
   83.99837    
   93.38810    
   106.0724    
   79.64555    
   69.24374    
   69.42541    
   72.00415    
   64.15538    
   43.84256    
   42.04583    
   50.67716    
   58.03326    
   73.00340    
   83.50598    
   81.39515    
   79.16369    
   84.54504    
   97.20598    
   120.4095    
   129.0452    
   109.2067    
   94.14880    
   92.79848    
   100.9477    
   115.2412    
   131.2014    
   138.0174    
   159.2377    
   212.1945    
   248.9670    
   267.8724    
   249.9483    
   191.3977    
   166.3198    
   208.2955    
   278.5923    
   307.5713    
   285.2466    
   248.5263    
   261.4903    
   368.0396    
   514.9551    
   596.5562    
   543.3340    
   449.7274    
   426.1315    
   430.9929    
   463.0573    
   472.8652    
   350.5950    
   219.0529    
   186.8481    
   193.0452    
   210.7703    
   230.6914    
   237.4275    
  0.0000000E+00
  0.0000000E+00
  0.0000000E+00
  0.0000000E+00
  0.0000000E+00
  0.0000000E+00
  0.0000000E+00
  0.0000000E+00
  0.0000000E+00
  0.0000000E+00
  0.0000000E+00
  0.0000000E+00
  0.0000000E+00
  0.0000000E+00
  0.0000000E+00
  0.0000000E+00
  0.3433295    
   2.977971    
   22.86256    
   9.407910    
  7.4114308E-02
  6.1655225E-04
  0.0000000E+00
  0.3379180    
   15.71255    
   14.57424    
   1.924222    
   3.062645    
   19.85753    
   62.21894    
   62.25236    
   34.93679    
   23.94670    
   51.79287    
   37.08969    
   33.93898    
   48.12542    
   59.15384    
   45.59998    
   49.50385    
   53.73550    
   49.90594    
   36.12275    
   32.46428    
   54.94802    
   75.98417    
   80.90054    
   79.42674    
   71.98369    
   69.22472    
   73.00739    
   77.08409    
   92.65690    
   110.9853    
   112.2557    
   102.8164    
   98.50204    
   98.86687    
   98.49588    
   101.0495    
   113.8870    
   128.2972    
   158.3643    
   216.6342    
   273.2549    
   306.9700    
   271.7773    
   198.2590    
   172.9972    
   209.4069    
   279.9153    
   294.2737    
   244.6541    
   215.5317    
   269.5913    
   392.3767    
   499.3159    
   555.3505    
   512.3763    
   429.3804    
   441.2635    
   485.4617    
   482.6957    
   457.9403    
   369.5256    
   241.1791    
   196.5501    
   201.1885    
   200.1994    
   224.0657    
   244.3234    
  0.0000000E+00
  0.0000000E+00
  0.0000000E+00
  0.0000000E+00
  0.0000000E+00
  0.0000000E+00
  0.0000000E+00
  0.0000000E+00
  0.0000000E+00
  0.0000000E+00
  0.0000000E+00
  0.0000000E+00
  0.0000000E+00
  0.0000000E+00
  0.0000000E+00
  0.0000000E+00
  0.1501435    
   1.466177    
   4.387291    
  1.9546039E-02
  0.4531149    
  0.0000000E+00
  1.0808359E-03
  0.4182045    
   7.495659    
   12.27981    
   4.806371    
   14.68967    
   26.20296    
   37.43030    
   30.30538    
   29.01852    
   21.52655    
   35.30329    
   40.79846    
   52.54201    
   56.80631    
   46.57490    
   54.10542    
   41.19423    
   31.66294    
   27.88463    
   27.43507    
   42.08411    
   66.87698    
   80.37077    
   89.49128    
   98.53223    
   93.09990    
   90.15021    
   94.52423    
   88.69005    
   88.74607    
   95.85635    
   96.04457    
   99.36899    
   104.9677    
   104.0472    
   101.4166    
   102.1059    
   106.7148    
   120.2683    
   147.4562    
   194.5452    
   248.1307    
   275.5555    
   243.8966    
   191.5098    
   193.7704    
   222.8832    
   250.8123    
   253.9639    
   216.0138    
   212.2744    
   261.5867    
   323.4835    
   392.0245    
   435.1545    
   412.8331    
   372.6739    
   397.6739    
   472.5125    
   516.5076    
   490.5194    
   383.6694    
   260.8212    
   212.8221    
   201.2030    
   192.9590    
   216.9575    
   249.0414    
  0.0000000E+00
  0.0000000E+00
  0.0000000E+00
  0.0000000E+00
  0.0000000E+00
  0.0000000E+00
  0.0000000E+00
  0.0000000E+00
  0.0000000E+00
  0.0000000E+00
  0.0000000E+00
  0.0000000E+00
  0.0000000E+00
  0.0000000E+00
  4.4643983E-02
  0.0000000E+00
  6.3525021E-02
  8.9011878E-02
  0.2477607    
  0.7337771    
  7.1859099E-03
   5.228836    
   5.330712    
   1.868960    
   11.83714    
   31.87838    
   31.54741    
   28.20980    
   21.37858    
   33.20030    
   40.64722    
   45.33547    
   46.77161    
   48.84708    
   49.40254    
   53.86211    
   61.10362    
   64.38902    
   60.02308    
   40.83493    
   27.20335    
   30.63051    
   43.05199    
   59.79026    
   71.98508    
   75.09955    
   87.08073    
   106.3143    
   112.2616    
   118.1119    
   123.6813    
   112.6143    
   103.9960    
   99.87671    
   90.12653    
   88.22330    
   94.75114    
   98.79541    
   101.4512    
   106.7520    
   114.6354    
   126.3549    
   142.5640    
   171.4943    
   210.0590    
   230.9445    
   205.6493    
   176.9707    
   210.1322    
   248.3501    
   249.8939    
   234.5108    
   206.5040    
   207.6370    
   229.3045    
   249.4117    
   286.4610    
   310.0013    
   320.4283    
   332.0836    
   349.5654    
   415.1392    
   498.0763    
   507.2106    
   412.0237    
   292.9551    
   234.6990    
   214.2083    
   206.9496    
   214.8142    
   241.2388    
  0.0000000E+00
  0.0000000E+00
  0.0000000E+00
  0.0000000E+00
  0.0000000E+00
  0.0000000E+00
  0.0000000E+00
  0.0000000E+00
  0.0000000E+00
  0.0000000E+00
  0.0000000E+00
  0.0000000E+00
  0.0000000E+00
  0.0000000E+00
  0.0000000E+00
  0.4649280    
  0.9933618    
  8.9507110E-02
  0.3320946    
   4.451148    
   3.635817    
   3.622066    
   5.154348    
   20.18070    
   43.49105    
   53.67688    
   35.82340    
   22.73141    
   34.12423    
   36.18383    
   48.04524    
   37.71017    
   43.81070    
   57.30112    
   65.21322    
   71.29077    
   54.85295    
   51.20314    
   50.71934    
   44.58393    
   32.71411    
   33.45213    
   43.89222    
   55.06385    
   62.50864    
   66.99662    
   83.53004    
   99.10791    
   102.3368    
   120.9097    
   140.5518    
   133.2502    
   123.7609    
   117.4648    
   102.6592    
   88.91513    
   88.26713    
   99.09386    
   106.7982    
   110.7923    
   118.2921    
   128.3655    
   141.6726    
   158.2582    
   176.9848    
   185.4048    
   173.6174    
   176.4277    
   215.3359    
   256.2933    
   268.9958    
   257.1833    
   231.9865    
   201.4380    
   208.1536    
   242.3435    
   260.0569    
   267.3975    
   280.4001    
   308.5715    
   339.4444    
   392.0309    
   452.6953    
   460.1692    
   403.2381    
   322.6786    
   268.5370    
   246.1657    
   234.4796    
   221.6018    
   224.7484    
  0.0000000E+00
  0.0000000E+00
  0.0000000E+00
  0.0000000E+00
  0.0000000E+00
  0.0000000E+00
  0.0000000E+00
  0.0000000E+00
  6.8393373E-03
  0.0000000E+00
  0.0000000E+00
  8.1054267E-04
  0.0000000E+00
  0.0000000E+00
  0.0000000E+00
  0.0000000E+00
   3.405472    
  0.8245304    
   3.719259    
   18.24231    
   22.77691    
   31.98994    
   34.45880    
   81.93832    
   87.29911    
   72.87802    
   53.96851    
   27.29497    
   26.05269    
   27.83270    
   33.48172    
   46.13694    
   58.16533    
   73.36490    
   80.06081    
   67.66684    
   61.81080    
   48.53940    
   50.90139    
   51.64582    
   41.02464    
   35.77046    
   40.08644    
   48.19961    
   56.20716    
   59.95885    
   75.02460    
   93.32746    
   96.50822    
   110.6174    
   131.1616    
   128.0926    
   119.7196    
   122.2207    
   119.0809    
   104.6235    
   93.71901    
   97.62572    
   105.5034    
   109.7090    
   117.7044    
   129.7568    
   139.0137    
   144.6145    
   149.3342    
   151.2280    
   157.8287    
   177.5051    
   206.6213    
   235.8577    
   258.5192    
   275.9821    
   256.9521    
   202.5428    
   200.4412    
   232.3988    
   253.3609    
   273.7267    
   272.9385    
   299.0815    
   350.9190    
   383.5582    
   420.5041    
   443.6713    
   421.9734    
   372.7211    
   315.5299    
   278.7747    
   265.3916    
   244.8154    
   223.8462    
  0.0000000E+00
  0.0000000E+00
  0.0000000E+00
  0.0000000E+00
  0.0000000E+00
  0.0000000E+00
  0.0000000E+00
  1.9612327E-02
  0.0000000E+00
  0.0000000E+00
  0.0000000E+00
  0.0000000E+00
  0.0000000E+00
  0.0000000E+00
  0.0000000E+00
   8.453085    
   14.21553    
   11.02626    
   15.08998    
   24.96874    
   52.05972    
   69.54190    
   98.64460    
   91.32479    
   75.24290    
   55.58904    
   47.19928    
   37.94626    
   54.84349    
   46.71349    
   52.11758    
   62.87633    
   67.51479    
   86.22810    
   86.60533    
   83.50702    
   67.94807    
   61.11592    
   64.53613    
   62.04450    
   55.26036    
   42.35526    
   41.92886    
   53.82948    
   63.80822    
   63.89630    
   82.97868    
   116.3420    
   120.6891    
   114.2673    
   114.7913    
   112.5569    
   108.0471    
   114.7827    
   126.0997    
   124.1036    
   110.7707    
   97.66904    
   97.24408    
   104.9289    
   113.3981    
   122.6935    
   126.4995    
   128.8966    
   137.7484    
   145.9032    
   152.0291    
   166.9473    
   190.1306    
   209.4886    
   228.3735    
   235.6675    
   207.1471    
   188.7198    
   215.1571    
   230.3143    
   237.0079    
   257.7674    
   270.3369    
   300.2815    
   342.7720    
   366.6094    
   391.0052    
   425.0883    
   445.7017    
   423.1470    
   358.8137    
   306.5169    
   296.8944    
   289.9379    
   262.3972    
  0.0000000E+00
  0.0000000E+00
  0.0000000E+00
  0.0000000E+00
  0.0000000E+00
  0.0000000E+00
  0.0000000E+00
  8.2833946E-02
  0.0000000E+00
  0.0000000E+00
  0.4114099    
  0.0000000E+00
  0.2145476    
   8.250399    
   22.61583    
   37.19460    
   39.73281    
   42.38952    
   52.35495    
   71.89209    
   88.45531    
   107.7647    
   100.3625    
   111.7560    
   77.50546    
   57.54543    
   68.82204    
   52.54296    
   45.41003    
   47.35717    
   56.74078    
   67.89278    
   69.46742    
   85.38007    
   91.71359    
   82.45270    
   62.81213    
   70.23023    
   76.65312    
   77.98975    
   70.38702    
   52.43458    
   48.08471    
   55.69552    
   58.01752    
   56.01012    
   80.91387    
   124.7755    
   144.4406    
   137.1891    
   123.0162    
   126.7178    
   132.1618    
   128.6287    
   132.5104    
   134.4164    
   124.5508    
   107.6646    
   100.1498    
   103.2604    
   104.5579    
   108.0235    
   116.0664    
   124.6831    
   132.2245    
   132.4926    
   132.2952    
   151.5567    
   174.3916    
   191.4733    
   201.0730    
   170.2807    
   141.1474    
   164.4656    
   206.0486    
   232.7970    
   234.6499    
   244.6546    
   273.1384    
   279.8923    
   293.6811    
   332.4489    
   362.5171    
   385.5337    
   412.4561    
   424.0459    
   395.6440    
   345.1145    
   317.8430    
   310.5955    
   289.3159    
  0.0000000E+00
  0.0000000E+00
  0.0000000E+00
  0.0000000E+00
  0.0000000E+00
  7.5241782E-02
  0.0000000E+00
  0.0000000E+00
  0.0000000E+00
   9.426284    
   17.08334    
   9.392750    
   21.39035    
   52.52389    
   71.24844    
   74.77882    
   71.36490    
   81.92321    
   99.32181    
   96.82288    
   97.79543    
   110.1596    
   114.8674    
   104.6496    
   72.65136    
   78.84390    
   99.77280    
   82.58087    
   74.93973    
   67.14999    
   53.90950    
   68.59509    
   70.22566    
   67.10393    
   75.96391    
   79.55884    
   82.34075    
   88.25909    
   84.73556    
   86.01153    
   78.88808    
   73.56192    
   75.77588    
   74.30047    
   66.92181    
   59.31160    
   68.43993    
   99.41814    
   137.6171    
   154.7754    
   143.5218    
   148.1035    
   169.0740    
   157.4398    
   132.4216    
   128.1481    
   125.7435    
   117.4470    
   114.1402    
   113.6595    
   112.0340    
   115.5129    
   125.4696    
   127.4552    
   115.1166    
   103.6388    
   111.8314    
   141.6184    
   166.8631    
   180.9887    
   176.3921    
   135.2748    
   108.1988    
   118.3236    
   145.8849    
   194.7753    
   232.9141    
   261.7970    
   279.7873    
   255.8131    
   245.8819    
   281.4491    
   327.8957    
   352.1594    
   368.7405    
   404.1943    
   414.3588    
   378.8964    
   331.2238    
   296.2171    
   279.1918    
  0.0000000E+00
  0.0000000E+00
  0.0000000E+00
  0.0000000E+00
  0.0000000E+00
  0.0000000E+00
  0.2331248    
   3.289172    
   15.36016    
   46.60765    
   59.50594    
   43.09381    
   65.06068    
   113.6682    
   132.3734    
   121.8919    
   113.3527    
   126.9874    
   135.6378    
   117.0546    
   105.2552    
   105.0789    
   107.4748    
   94.44627    
   72.83372    
   88.12601    
   129.3146    
   123.4856    
   97.06498    
   65.09068    
   38.83755    
   43.44461    
   55.73394    
   66.75603    
   81.89579    
   97.03603    
   109.9146    
   105.6163    
   88.44630    
   86.17062    
   90.20235    
   101.4858    
   112.5841    
   102.6907    
   94.38898    
   86.66074    
   74.76064    
   79.09570    
   105.8244    
   135.4220    
   153.1472    
   171.1665    
   183.0647    
   162.0417    
   130.9875    
   124.2314    
   125.7741    
   124.4392    
   123.9657    
   123.9798    
   126.0833    
   128.7794    
   131.1954    
   122.1785    
   99.31906    
   88.32788    
   102.7237    
   134.3446    
   166.1166    
   173.1961    
   155.6730    
   143.4828    
   135.7802    
   121.1954    
   117.9501    
   142.8129    
   192.7410    
   246.5811    
   264.8284    
   243.7791    
   235.9609    
   257.5153    
   284.4225    
   306.6464    
   344.1550    
   387.9374    
   399.2494    
   384.8232    
   352.9671    
   316.6584    
   293.3121    
  0.0000000E+00
  0.0000000E+00
  0.0000000E+00
  0.0000000E+00
  0.0000000E+00
  0.0000000E+00
  0.5916240    
   12.19752    
   34.10618    
   61.72120    
   77.44945    
   83.64822    
   111.7755    
   153.3068    
   173.8690    
   164.6429    
   160.1311    
   175.2937    
   181.5114    
   151.0058    
   112.8046    
   108.8251    
   111.7168    
   109.0272    
   100.4798    
   94.11806    
   102.7738    
   102.8138    
   85.31047    
   56.65936    
   37.09283    
   39.77464    
   55.36471    
   76.05199    
   95.69478    
   118.3038    
   136.7967    
   122.6655    
   95.06487    
   94.97887    
   108.7070    
   132.3103    
   152.2411    
   140.0903    
   115.6086    
   90.39124    
   72.56273    
   81.52641    
   99.07510    
   112.9238    
   157.4593    
   200.3956    
   188.2082    
   160.2268    
   142.9533    
   129.9279    
   128.4454    
   130.5020    
   127.0347    
   125.6960    
   126.5047    
   122.8411    
   118.7920    
   108.8992    
   94.22042    
   90.68802    
   100.3452    
   125.6998    
   164.5439    
   166.4885    
   138.0054    
   163.1986    
   205.7971    
   200.3877    
   174.5044    
   156.0137    
   158.5838    
   190.7243    
   218.7488    
   227.6331    
   253.3848    
   272.6701    
   257.1049    
   266.0692    
   319.0078    
   359.6869    
   384.0770    
   388.4579    
   370.2831    
   364.4246    
   335.6794    
  0.0000000E+00
  0.0000000E+00
  0.0000000E+00
  0.0000000E+00
  0.0000000E+00
  0.0000000E+00
  1.5097596E-02
   6.403541    
   15.12009    
   34.03873    
   73.85909    
   108.5047    
   122.7153    
   138.6375    
   156.2967    
   165.4817    
   184.5195    
   202.4060    
   209.2205    
   186.5221    
   142.3017    
   138.1395    
   143.3744    
   147.6708    
   160.3163    
   130.8686    
   94.04392    
   84.55312    
   82.08008    
   82.72543    
   72.58722    
   61.18208    
   67.81461    
   82.22457    
   102.5262    
   130.7602    
   145.0460    
   126.9046    
   110.9691    
   110.3096    
   127.7830    
   173.8228    
   196.8597    
   169.2590    
   113.9874    
   73.67724    
   65.17569    
   88.85425    
   118.2931    
   122.9391    
   158.2434    
   207.3448    
   200.5007    
   171.9680    
   151.6723    
   136.7301    
   136.2366    
   137.1768    
   132.8908    
   131.0799    
   127.5752    
   122.0541    
   116.5059    
   107.6383    
   101.4833    
   101.4384    
   108.7420    
   126.3792    
   162.1688    
   159.7143    
   121.1838    
   150.6770    
   200.7488    
   216.2302    
   227.1899    
   210.5562    
   162.4317    
   144.4648    
   168.8814    
   213.5863    
   269.5291    
   278.5032    
   244.6344    
   260.0099    
   298.7548    
   324.1885    
   379.3846    
   397.0671    
   367.5294    
   373.4183    
   372.4223    
  0.0000000E+00
  0.0000000E+00
  0.0000000E+00
  0.0000000E+00
  2.8616196E-02
  0.1041279    
  0.0000000E+00
  6.2114716E-02
   2.767059    
   21.74165    
   76.09959    
   107.8731    
   101.4944    
   106.0433    
   118.9934    
   136.3078    
   169.4426    
   198.9205    
   202.7780    
   198.7899    
   196.3517    
   191.9574    
   185.5687    
   193.5326    
   197.8466    
   145.1080    
   97.28584    
   83.61731    
   80.78946    
   98.15558    
   95.81885    
   75.29355    
   70.58707    
   82.16493    
   107.2436    
   135.7668    
   151.4209    
   150.0959    
   136.7569    
   129.2106    
   165.1297    
   218.1108    
   214.6342    
   163.1288    
   113.6244    
   96.02362    
   96.25011    
   105.6319    
   135.5754    
   146.8665    
   151.7771    
   195.0571    
   223.4468    
   196.8917    
   160.3245    
   145.6213    
   145.1028    
   144.8838    
   142.4578    
   139.4828    
   133.0309    
   129.0345    
   123.6593    
   113.4858    
   109.0235    
   104.5596    
   105.1232    
   114.6115    
   136.4498    
   137.8015    
   126.2440    
   149.2661    
   164.5013    
   179.9399    
   216.6634    
   210.7951    
   149.7913    
   117.7490    
   138.1167    
   184.6994    
   245.7408    
   266.7802    
   260.6464    
   293.5196    
   315.6110    
   312.3853    
   345.1360    
   379.2896    
   376.8182    
   366.9205    
   377.5491    
  0.0000000E+00
  0.0000000E+00
  3.2302041E-03
  0.0000000E+00
  0.0000000E+00
  0.0000000E+00
  0.6580985    
   7.098632    
   13.64319    
   22.10268    
   53.01984    
   92.17453    
   128.5051    
   155.3521    
   147.7829    
   132.2210    
   148.7418    
   192.7557    
   218.1369    
   221.9872    
   226.7679    
   214.4766    
   193.4723    
   180.5349    
   155.0066    
   107.0454    
   83.25246    
   73.83248    
   58.11256    
   70.02859    
   87.06586    
   77.93665    
   68.44562    
   93.86818    
   128.7914    
   153.1319    
   182.7030    
   196.0469    
   162.2417    
   148.6407    
   196.7266    
   227.4898    
   226.6258    
   196.0966    
   144.8299    
   132.1883    
   141.3017    
   142.0012    
   154.9630    
   160.3271    
   150.6894    
   184.7692    
   233.7332    
   216.6095    
   172.2061    
   152.6945    
   147.8425    
   149.5617    
   149.8095    
   147.5492    
   136.3090    
   122.2257    
   117.4086    
   107.7130    
   104.4632    
   102.5077    
   90.52061    
   91.98277    
   92.25288    
   89.75176    
   118.5252    
   147.6915    
   155.4407    
   169.5142    
   184.1258    
   171.4945    
   134.4255    
   120.9362    
   130.8992    
   147.2134    
   184.0893    
   228.5131    
   269.5167    
   312.1315    
   329.9807    
   312.1665    
   313.8127    
   358.9669    
   386.7816    
   372.4395    
   362.6584    
  0.0000000E+00
  0.0000000E+00
  0.0000000E+00
  4.2239420E-02
  0.0000000E+00
  0.0000000E+00
   10.78348    
   30.75787    
   41.10956    
   42.04343    
   54.79774    
   101.0267    
   170.5020    
   220.2752    
   210.1511    
   179.3728    
   183.0677    
   214.4604    
   237.4558    
   236.9257    
   227.1545    
   199.3581    
   151.2453    
   107.2222    
   91.69284    
   85.38211    
   85.66640    
   82.46174    
   55.32794    
   49.54719    
   71.72473    
   70.66450    
   58.79692    
   97.70882    
   146.5361    
   170.9804    
   198.5670    
   202.6857    
   166.1138    
   150.9636    
   173.8281    
   193.5973    
   245.2943    
   274.9316    
   216.1698    
   162.2391    
   155.4677    
   165.3871    
   174.2080    
   172.1542    
   170.7350    
   193.9538    
   227.1750    
   220.2676    
   188.2753    
   164.5648    
   150.5975    
   148.2857    
   150.6618    
   151.2516    
   137.7069    
   114.6582    
   106.4892    
   98.95392    
   90.47546    
   92.33416    
   91.90306    
   100.9783    
   92.81349    
   71.80515    
   82.90410    
   102.6967    
   121.3016    
   137.9472    
   134.9939    
   127.5269    
   139.5889    
   148.7271    
   134.1418    
   123.6030    
   132.5560    
   161.9300    
   208.6323    
   269.8554    
   305.0670    
   296.9078    
   323.3694    
   376.7233    
   375.7454    
   356.7623    
   366.6269    
  0.0000000E+00
  0.0000000E+00
  0.0000000E+00
  0.1417415    
  0.7645454    
  0.0000000E+00
   16.97379    
   54.39194    
   73.48705    
   72.11083    
   81.15310    
   113.8819    
   148.7495    
   177.2995    
   193.3289    
   207.8411    
   218.3851    
   218.7890    
   211.3815    
   191.6174    
   185.7297    
   158.0373    
   87.79236    
   49.39513    
   72.49342    
   83.67985    
   73.95990    
   71.24348    
   49.31756    
   31.06573    
   41.21751    
   41.90575    
   33.68403    
   70.25377    
   123.2360    
   148.6512    
   162.5659    
   166.7062    
   157.9965    
   159.0019    
   172.8634    
   199.0269    
   252.2480    
   303.1386    
   285.0998    
   208.4716    
   165.5879    
   179.2007    
   208.2525    
   220.0034    
   219.2434    
   224.8815    
   221.4756    
   211.0356    
   203.1647    
   178.3968    
   148.0705    
   141.7982    
   151.4321    
   149.3864    
   133.9517    
   113.0152    
   96.17927    
   89.93383    
   78.96523    
   76.47896    
   94.23962    
   117.2686    
   122.7672    
   109.2562    
   96.82117    
   88.29794    
   86.28064    
   90.43738    
   88.87381    
   92.74103    
   122.0846    
   141.2520    
   129.9745    
   120.6291    
   119.7437    
   125.4294    
   149.6853    
   211.3048    
   273.7277    
   302.0126    
   338.2837    
   384.6581    
   372.9063    
   328.1761    
   357.5290    
  0.0000000E+00
  0.0000000E+00
  0.0000000E+00
  0.1015247    
  7.3991083E-02
  0.0000000E+00
   10.65049    
   40.86551    
   58.17559    
   61.78185    
   72.14326    
   92.78964    
   98.51874    
   95.92604    
   113.6126    
   150.7546    
   167.4330    
   160.0045    
   151.6950    
   124.8037    
   113.3391    
   95.21957    
   33.46082    
   13.08318    
   45.28639    
   56.23568    
   40.97257    
   27.27646    
   21.32294    
   15.52941    
   11.25244    
   9.484735    
   9.152407    
   34.68776    
   80.30974    
   106.6632    
   129.9669    
   167.3787    
   186.0048    
   201.0993    
   224.6271    
   241.2402    
   241.9249    
   244.0715    
   248.1152    
   216.1974    
   194.1715    
   211.9623    
   245.1838    
   259.7937    
   245.1682    
   228.4824    
   203.7921    
   183.5994    
   178.9180    
   161.1308    
   137.7178    
   142.4115    
   159.4587    
   153.5300    
   133.1815    
   107.6345    
   81.46467    
   74.96923    
   76.36737    
   78.87092    
   92.81743    
   110.9500    
   128.3886    
   140.8850    
   143.7904    
   132.7177    
   108.8145    
   87.20438    
   77.41759    
   83.40692    
   100.4383    
   120.3626    
   137.4765    
   140.2193    
   129.9018    
   124.2420    
   137.1502    
   175.7230    
   240.0694    
   306.2289    
   337.5382    
   358.5658    
   359.7074    
   315.7171    
   333.9291    
  0.0000000E+00
  0.0000000E+00
  0.0000000E+00
  8.9017842E-03
  5.7410382E-02
  0.0000000E+00
   1.282127    
   7.914159    
   17.83082    
   27.47398    
   35.72710    
   46.78671    
   45.98409    
   43.91477    
   51.47358    
   67.48715    
   91.97400    
   96.62880    
   88.80278    
   80.26189    
   73.07916    
   51.32708    
   8.788483    
  0.0000000E+00
   6.862547    
   12.28596    
   8.307870    
  0.0000000E+00
   5.134433    
   12.33215    
   2.533924    
  0.0000000E+00
   14.47480    
   46.63281    
   94.42696    
   142.6743    
   194.4182    
   230.5982    
   229.1614    
   227.0587    
   236.8178    
   236.0708    
   214.9469    
   189.9135    
   180.2688    
   185.0712    
   221.9751    
   264.3120    
   269.8168    
   247.8536    
   218.3287    
   194.7574    
   178.0544    
   161.8535    
   143.9276    
   131.3617    
   129.2665    
   143.3809    
   161.5622    
   160.4594    
   148.7349    
   122.3981    
   77.87570    
   59.06068    
   76.95036    
   93.55668    
   98.72379    
   105.1803    
   122.3994    
   145.2721    
   160.0895    
   169.0057    
   164.0652    
   132.6526    
   95.98703    
   94.50520    
   121.2536    
   148.9523    
   171.1510    
   161.7440    
   129.0941    
   118.8818    
   136.9150    
   165.3936    
   216.5847    
   282.8900    
   317.8156    
   331.5192    
   328.6760    
   305.4010    
   313.3171    
  0.0000000E+00
  0.0000000E+00
  1.4416137E-03
  0.0000000E+00
  0.0000000E+00
  0.2200140    
  0.0000000E+00
  0.0000000E+00
  0.1919813    
   3.348180    
   4.415247    
   7.000169    
   5.770410    
   8.422828    
   10.55372    
   16.33899    
   43.91197    
   58.06924    
   52.29153    
   57.45307    
   51.60706    
   20.25614    
  0.0000000E+00
  0.0000000E+00
  0.0000000E+00
  0.0000000E+00
  0.0000000E+00
  0.0000000E+00
  0.6437234    
   3.555711    
  0.0000000E+00
   4.996692    
   43.70255    
   96.43272    
   146.2598    
   201.6345    
   241.4646    
   233.7524    
   207.0708    
   195.8481    
   203.7567    
   205.9861    
   193.7657    
   175.7497    
   157.3495    
   171.5287    
   235.6598    
   288.4484    
   275.7477    
   230.5556    
   196.2415    
   177.9084    
   166.2123    
   151.6535    
   131.4162    
   120.7507    
   121.4685    
   130.2418    
   142.2582    
   146.3410    
   155.9714    
   137.3175    
   76.27264    
   50.53201    
   75.91402    
   102.8285    
   112.8571    
   111.2061    
   119.6328    
   140.5162    
   156.8499    
   174.0616    
   190.3654    
   173.0792    
   125.1184    
   115.8254    
   149.1291    
   175.1501    
   184.2378    
   162.2073    
   123.3880    
   111.2691    
   133.6765    
   172.1374    
   222.8867    
   275.5766    
   311.4228    
   320.2238    
   306.8963    
   294.0608    
   273.8267    
  0.0000000E+00
  0.0000000E+00
  0.0000000E+00
  0.0000000E+00
  0.0000000E+00
  9.7131688E-04
  4.8201352E-02
  0.0000000E+00
  0.0000000E+00
  0.0000000E+00
  0.0000000E+00
  0.0000000E+00
  0.0000000E+00
  0.0000000E+00
  0.0000000E+00
  0.0000000E+00
   7.887798    
   19.29876    
   31.58295    
   35.80065    
   20.93264    
  0.7813950    
  0.0000000E+00
  0.3339918    
  0.0000000E+00
  0.0000000E+00
  0.0000000E+00
  0.1199518    
  0.0000000E+00
  0.0000000E+00
  0.0000000E+00
   6.694081    
   48.57832    
   101.3790    
   148.5291    
   179.5834    
   169.6116    
   163.8214    
   189.9595    
   183.7045    
   166.0735    
   181.7641    
   177.3388    
   133.0834    
   121.1259    
   166.8676    
   220.7240    
   248.7113    
   241.5190    
   215.2564    
   191.0355    
   172.8921    
   158.7109    
   150.1028    
   130.8465    
   111.8536    
   118.3820    
   123.7599    
   118.1236    
   114.8715    
   118.8069    
   97.43283    
   51.64840    
   46.01955    
   71.46402    
   92.30627    
   107.0518    
   115.8226    
   123.8523    
   140.0015    
   164.1802    
   181.3024    
   195.7718    
   193.0257    
   161.9997    
   142.4254    
   143.8677    
   152.4776    
   148.5650    
   135.7683    
   135.1426    
   127.5439    
   128.7331    
   166.6660    
   223.3506    
   278.1656    
   314.9549    
   308.2336    
   290.0266    
   281.8150    
   246.7400    
  0.0000000E+00
  0.0000000E+00
  0.0000000E+00
  0.0000000E+00
  0.0000000E+00
  0.0000000E+00
  0.0000000E+00
  0.0000000E+00
  0.0000000E+00
  6.2739910E-03
  0.0000000E+00
  0.0000000E+00
  0.0000000E+00
  0.0000000E+00
  0.0000000E+00
  0.0000000E+00
  0.0000000E+00
  0.0000000E+00
   6.876507    
   7.154202    
   1.139179    
  0.0000000E+00
  0.0000000E+00
  4.6847239E-03
  0.0000000E+00
  0.0000000E+00
  0.0000000E+00
  0.0000000E+00
  0.0000000E+00
  0.0000000E+00
  0.0000000E+00
   3.497089    
   34.72099    
   78.34354    
   123.1024    
   138.6761    
   115.1276    
   143.6531    
   214.6633    
   197.3508    
   144.2231    
   159.3777    
   147.2416    
   83.69873    
   78.39684    
   132.6512    
   177.3775    
   194.0354    
   195.6801    
   187.6532    
   172.9530    
   157.4644    
   143.8089    
   138.3183    
   124.5751    
   108.1524    
   109.7553    
   106.9747    
   104.4627    
   89.66251    
   60.65029    
   51.51120    
   50.68168    
   58.63250    
   78.68361    
   85.22562    
   85.89449    
   106.6852    
   126.6828    
   141.1063    
   175.3057    
   195.7906    
   199.2476    
   214.0832    
   213.5455    
   170.8448    
   122.6182    
   113.5801    
   109.6633    
   117.1223    
   157.5637    
   168.5266    
   146.9191    
   157.6762    
   212.7625    
   274.4862    
   295.8118    
   288.8650    
   283.4020    
   261.6534    
   257.6747    
<EndGridData2D>
<BeginXX>
  -5.182867    
  -5.066435    
  -4.949973    
  -4.833480    
  -4.716987    
  -4.600464    
  -4.483941    
  -4.367387    
  -4.250803    
  -4.134189    
  -4.017574    
  -3.900960    
  -3.784285    
  -3.667640    
  -3.550964    
  -3.434258    
  -3.317522    
  -3.200816    
  -3.084080    
  -2.967313    
  -2.850547    
  -2.733749    
  -2.616952    
  -2.500155    
  -2.383327    
  -2.266500    
  -2.149672    
  -2.032814    
  -1.915956    
  -1.799098    
  -1.682240    
  -1.565351    
  -1.448462    
  -1.331574    
  -1.214655    
  -1.097766    
 -0.9808474    
 -0.8639284    
 -0.7470094    
 -0.6300600    
 -0.5131410    
 -0.3962220    
 -0.2792725    
 -0.1623535    
 -4.5404069E-02
  7.1545392E-02
  0.1884644    
  0.3054138    
  0.4223328    
  0.5392823    
  0.6562012    
  0.7731507    
  0.8900697    
   1.006989    
   1.123908    
   1.240827    
   1.357746    
   1.474665    
   1.591553    
   1.708472    
   1.825361    
   1.942219    
   2.059108    
   2.175966    
   2.292824    
   2.409682    
   2.526509    
   2.643337    
   2.760165    
   2.876962    
   2.993759    
   3.110526    
   3.227323    
   3.344059    
   3.460796    
   3.577532    
   3.694238    
   3.810944    
   3.927619    
   4.044294    
   4.160939    
   4.277584    
   4.394199    
   4.510783    
   4.627367    
   4.743920    
   4.860474    
   4.976997    
   5.093490    
   5.209982    
   5.326445    
   5.442876    
<EndXX>
<BeginYY>
   44.09446    
   44.17809    
   44.26170    
   44.34532    
   44.42894    
   44.51258    
   44.59621    
   44.67984    
   44.76347    
   44.84710    
   44.93074    
   45.01435    
   45.09800    
   45.18163    
   45.26527    
   45.34891    
   45.43255    
   45.51619    
   45.59982    
   45.68345    
   45.76709    
   45.85073    
   45.93436    
   46.01799    
   46.10162    
   46.18525    
   46.26888    
   46.35251    
   46.43614    
   46.51976    
   46.60338    
   46.68700    
   46.77061    
   46.85423    
   46.93783    
   47.02143    
   47.10504    
   47.18863    
   47.27223    
   47.35582    
   47.43941    
   47.52299    
   47.60658    
   47.69014    
   47.77370    
   47.85727    
   47.94083    
   48.02438    
   48.10793    
   48.19146    
   48.27499    
   48.35852    
   48.44204    
   48.52556    
   48.60907    
   48.69257    
   48.77606    
   48.81780    
<EndYY>
