ILB_IUB                 : 1         63
JLB_JUB                 : 1         87
ORIGIN                  : 0         0
GRID_ANGLE              : 0.000

COORD_TIP              : 4
PROJ_TYPE              : 8

LATITUDE                  : 46.9376
LONGITUDE                 : -2.6372

<BeginGridData2D>
  0.0000000E+00
  0.0000000E+00
  0.0000000E+00
  0.0000000E+00
  0.0000000E+00
  0.0000000E+00
  0.0000000E+00
  0.0000000E+00
  0.0000000E+00
  0.0000000E+00
  0.0000000E+00
  0.0000000E+00
  0.0000000E+00
  0.0000000E+00
  0.0000000E+00
  0.0000000E+00
  0.0000000E+00
  1.5558923E-02
  3.1986210E-02
  9.6524894E-02
  0.1918952    
  0.3319986    
  0.4224920    
  0.4298256    
  0.4387810    
  0.4591605    
  0.4067962    
  0.3202946    
  0.2498316    
  0.1910776    
  0.1555703    
  0.1079801    
  6.0994416E-02
  2.4805306E-02
  0.0000000E+00
  2.1572411E-03
  2.3714498E-02
  0.1041757    
  0.3519268    
  0.7238935    
   1.101385    
   1.474089    
   1.862674    
   2.036915    
   1.988061    
   1.896056    
   1.712494    
   1.647506    
   1.589073    
   1.689446    
   2.313523    
   3.325136    
   4.600390    
   6.089254    
   7.870729    
   9.267462    
   10.38803    
   11.14761    
   12.00270    
   12.95146    
   13.94853    
   15.64254    
   17.92208    
   20.88055    
   24.17073    
   27.28558    
   30.04615    
   32.30687    
   33.05644    
   33.87926    
   34.13636    
   32.91618    
   30.84641    
   29.19673    
   27.93417    
   27.42906    
   27.20377    
   27.88463    
   29.42588    
   30.61956    
   31.63987    
   32.30917    
   33.01165    
   33.67857    
   34.29650    
   35.18042    
   36.30621    
  0.0000000E+00
  0.0000000E+00
  0.0000000E+00
  0.0000000E+00
  0.0000000E+00
  0.0000000E+00
  0.0000000E+00
  0.0000000E+00
  0.0000000E+00
  0.0000000E+00
  0.0000000E+00
  0.0000000E+00
  0.0000000E+00
  0.0000000E+00
  0.0000000E+00
  0.0000000E+00
  0.0000000E+00
  2.4553828E-02
  5.0296955E-02
  0.1476399    
  0.2897288    
  0.4983043    
  0.6240302    
  0.6240302    
  0.6240302    
  0.6117685    
  0.5041567    
  0.3409028    
  0.2237427    
  0.1395003    
  0.1111878    
  7.4347988E-02
  4.4463389E-02
  2.7806316E-02
  0.0000000E+00
  0.0000000E+00
  0.0000000E+00
  5.1884651E-03
  0.1576101    
  0.4058349    
  0.6600740    
  0.9178637    
   1.191556    
   1.338180    
   1.338180    
   1.343135    
   1.295091    
   1.295091    
   1.295091    
   1.537945    
   2.064179    
   2.867633    
   3.837729    
   4.952472    
   6.289234    
   7.339530    
   8.232844    
   8.887127    
   9.840989    
   11.06709    
   12.51192    
   14.70836    
   17.48475    
   20.88055    
   24.17073    
   27.28558    
   30.17926    
   32.02493    
   32.02493    
   32.02493    
   31.65918    
   29.89189    
   27.33314    
   25.48082    
   24.23628    
   24.04803    
   24.04803    
   24.98453    
   26.77632    
   28.13878    
   29.26108    
   29.92080    
   30.71819    
   31.54040    
   32.41130    
   33.52831    
   34.89188    
  0.0000000E+00
  0.0000000E+00
  0.0000000E+00
  0.0000000E+00
  0.0000000E+00
  0.0000000E+00
  0.0000000E+00
  0.0000000E+00
  0.0000000E+00
  0.0000000E+00
  0.0000000E+00
  0.0000000E+00
  0.0000000E+00
  0.0000000E+00
  0.0000000E+00
  0.0000000E+00
  0.0000000E+00
  3.3853464E-02
  7.0010811E-02
  0.1982802    
  0.3832140    
  0.6539389    
  0.8094897    
  0.8058228    
  0.7981020    
  0.7403015    
  0.5811782    
  0.3409028    
  0.1914947    
  8.6026832E-02
  6.8889290E-02
  4.2983837E-02
  2.8379612E-02
  2.5314495E-02
  6.7503122E-03
  3.1652879E-03
  6.9388939E-18
  0.0000000E+00
  4.9526870E-02
  0.2049279    
  0.3667333    
  0.5419366    
  0.7334428    
  0.8956881    
   1.324049    
   1.343135    
   1.325640    
   1.494989    
   1.662273    
   2.122674    
   2.732352    
   3.560176    
   4.436633    
   5.367629    
   6.425026    
   7.339530    
   8.232844    
   8.887127    
   9.840989    
   11.06709    
   12.51192    
   14.79972    
   17.85536    
   21.54061    
   24.86466    
   27.80485    
   30.25771    
   31.55490    
   30.93476    
   30.00393    
   28.88629    
   26.69800    
   23.93711    
   22.13619    
   21.15706    
   21.45317    
   21.88353    
   23.12536    
   25.09198    
   26.57665    
   27.75559    
   28.37990    
   29.23060    
   30.15895    
   31.23851    
   32.48627    
   33.95249    
  0.0000000E+00
  0.0000000E+00
  0.0000000E+00
  0.0000000E+00
  0.0000000E+00
  0.0000000E+00
  0.0000000E+00
  0.0000000E+00
  0.0000000E+00
  0.0000000E+00
  0.0000000E+00
  0.0000000E+00
  0.0000000E+00
  0.0000000E+00
  0.0000000E+00
  0.0000000E+00
  0.0000000E+00
  4.3824703E-02
  9.2393227E-02
  0.2501201    
  0.4740963    
  0.8005124    
  0.9798582    
  0.9791175    
  0.9678575    
  0.8442707    
  0.6360476    
  0.3409028    
  0.1590732    
  3.2791592E-02
  3.2809500E-02
  1.6765714E-02
  1.2550459E-02
  1.2392638E-02
  6.4644897E-03
  2.0910387E-03
  5.2123924E-04
  3.4589767E-03
  7.1319342E-02
  0.2033632    
  0.3172455    
  0.4378058    
  0.5511364    
  0.8179276    
   1.324049    
   1.354891    
   1.728802    
   2.160206    
   2.588161    
   3.302032    
   4.205511    
   5.351654    
   6.414220    
   7.433161    
   8.478923    
   9.097544    
   9.586073    
   9.784057    
   10.56784    
   11.84569    
   13.59085    
   16.11854    
   19.21081    
   22.98424    
   25.88277    
   27.81601    
   30.17926    
   31.09938    
   30.13538    
   28.11318    
   25.97738    
   23.44014    
   20.77294    
   19.26885    
   18.80566    
   19.72846    
   20.85387    
   22.47544    
   24.54344    
   26.10617    
   27.28890    
   27.83503    
   28.66982    
   29.63957    
   31.01243    
   32.21983    
   33.49330    
  0.0000000E+00
  0.0000000E+00
  0.0000000E+00
  0.0000000E+00
  0.0000000E+00
  0.0000000E+00
  0.0000000E+00
  0.0000000E+00
  0.0000000E+00
  0.0000000E+00
  0.0000000E+00
  0.0000000E+00
  0.0000000E+00
  0.0000000E+00
  0.0000000E+00
  0.0000000E+00
  0.0000000E+00
  4.8299193E-02
  0.1028267    
  0.2715095    
  0.5089136    
  0.8537717    
   1.038423    
   1.038423    
   1.019924    
  0.8629395    
  0.6360476    
  0.3216578    
  0.1189935    
  0.0000000E+00
  8.3422065E-03
  0.0000000E+00
  3.2808841E-03
  4.9760407E-03
  7.4803382E-03
  3.4060087E-03
  2.3283064E-10
  0.0000000E+00
  2.5339164E-02
  8.9410618E-02
  0.1734960    
  0.3052060    
  0.4706238    
  0.8179276    
   1.324049    
   2.029535    
   2.794490    
   3.651690    
   4.526811    
   5.651845    
   6.924651    
   8.391079    
   9.621643    
   10.65555    
   11.53452    
   11.99925    
   12.20027    
   12.02301    
   12.47870    
   13.45420    
   14.95295    
   17.16984    
   19.91236    
   23.26108    
   25.88277    
   27.81601    
   28.85688    
   28.85688    
   27.55770    
   24.99198    
   22.50291    
   20.11804    
   17.89830    
   16.94006    
   17.09640    
   18.64110    
   20.30796    
   22.20740    
   24.28029    
   25.88956    
   27.10591    
   27.68633    
   28.59350    
   29.63957    
   31.01243    
   32.21983    
   33.43427    
  0.0000000E+00
  0.0000000E+00
  0.0000000E+00
  0.0000000E+00
  0.0000000E+00
  0.0000000E+00
  0.0000000E+00
  0.0000000E+00
  0.0000000E+00
  0.0000000E+00
  0.0000000E+00
  0.0000000E+00
  0.0000000E+00
  0.0000000E+00
  0.0000000E+00
  0.0000000E+00
  0.0000000E+00
  4.0136553E-02
  8.5688949E-02
  0.2227472    
  0.4405886    
  0.8316685    
   1.091413    
   1.105239    
   1.026184    
  0.8206112    
  0.5626353    
  0.2457921    
  6.4283468E-02
  0.0000000E+00
  8.6323518E-05
  0.0000000E+00
  2.7340702E-03
  1.9402555E-10
  5.3870748E-03
  1.9385566E-03
  2.7147438E-03
  4.3237209E-03
  2.5268570E-02
  7.4749723E-02
  0.1466565    
  0.2621768    
  0.5371462    
   1.111153    
   1.924082    
   2.977893    
   4.159420    
   5.464079    
   6.813383    
   8.344931    
   10.02350    
   11.84525    
   13.39037    
   14.71843    
   15.60317    
   15.83714    
   15.51855    
   14.88381    
   14.79513    
   15.23364    
   16.35196    
   18.06911    
   20.01720    
   22.66899    
   24.64231    
   26.01029    
   26.49736    
   25.86478    
   24.16945    
   21.40512    
   18.74882    
   16.62272    
   15.19546    
   15.04737    
   15.94343    
   18.08372    
   20.33817    
   22.52617    
   24.66924    
   26.26456    
   27.32950    
   27.88525    
   29.00298    
   30.18879    
   31.75238    
   32.89357    
   33.75514    
  0.0000000E+00
  0.0000000E+00
  0.0000000E+00
  0.0000000E+00
  0.0000000E+00
  0.0000000E+00
  0.0000000E+00
  0.0000000E+00
  0.0000000E+00
  0.0000000E+00
  0.0000000E+00
  0.0000000E+00
  0.0000000E+00
  0.0000000E+00
  0.0000000E+00
  0.0000000E+00
  0.0000000E+00
  2.8467096E-02
  6.1756611E-02
  0.1554348    
  0.3283882    
  0.7163638    
   1.014825    
   1.036255    
  0.9050541    
  0.6891184    
  0.4436725    
  0.1706930    
  3.5121784E-02
  0.0000000E+00
  3.6616081E-03
  0.0000000E+00
  1.6773895E-03
  1.5419021E-02
  4.6174927E-03
  3.3962846E-02
  3.6086820E-02
  4.0728595E-02
  1.7136643E-02
  5.9607081E-02
  0.1156640    
  0.2034707    
  0.5469335    
   1.468153    
   2.744682    
   4.350444    
   6.199476    
   8.208328    
   10.30792    
   12.47864    
   14.65085    
   16.81044    
   18.60434    
   20.06812    
   20.78891    
   20.72274    
   19.78024    
   18.60242    
   17.84257    
   17.52470    
   17.88980    
   18.40973    
   19.72480    
   20.91507    
   21.80683    
   21.97388    
   21.43830    
   20.13521    
   18.18909    
   15.97111    
   14.27087    
   13.30309    
   13.08159    
   13.93165    
   15.59907    
   18.23818    
   20.75002    
   23.33232    
   25.50252    
   26.94787    
   27.48339    
   28.29478    
   29.91111    
   31.28334    
   33.05256    
   34.07375    
   34.39593    
  0.0000000E+00
  0.0000000E+00
  0.0000000E+00
  0.0000000E+00
  0.0000000E+00
  0.0000000E+00
  0.0000000E+00
  0.0000000E+00
  0.0000000E+00
  0.0000000E+00
  0.0000000E+00
  0.0000000E+00
  0.0000000E+00
  0.0000000E+00
  0.0000000E+00
  0.0000000E+00
  0.0000000E+00
  1.7480399E-02
  3.8256951E-02
  9.4548248E-02
  0.2103236    
  0.5214495    
  0.7803783    
  0.8032691    
  0.6763257    
  0.4966549    
  0.3029811    
  0.1004229    
  1.7980002E-03
  0.0000000E+00
  5.1794224E-05
  0.0000000E+00
  1.7980002E-03
  0.0000000E+00
  0.0000000E+00
  0.0000000E+00
  3.7597497E-03
  0.0000000E+00
  2.4760053E-02
  7.3997900E-02
  0.2445676    
  0.5407287    
   1.004062    
   2.334233    
   4.133863    
   6.326042    
   8.896910    
   11.63764    
   14.49709    
   17.30007    
   19.85294    
   22.19037    
   24.03551    
   25.40718    
   25.88854    
   25.25564    
   23.61966    
   21.88068    
   20.48001    
   19.42451    
   18.94963    
   18.77538    
   18.77360    
   18.87249    
   18.60794    
   17.35186    
   15.58106    
   13.71584    
   11.79600    
   10.26468    
   9.856333    
   10.28135    
   11.25016    
   12.94085    
   15.21581    
   18.18386    
   21.03917    
   23.84636    
   26.18593    
   27.36286    
   27.40011    
   28.56902    
   30.69284    
   32.31765    
   34.31688    
   35.34951    
   35.34951    
  0.0000000E+00
  0.0000000E+00
  0.0000000E+00
  0.0000000E+00
  0.0000000E+00
  0.0000000E+00
  0.0000000E+00
  0.0000000E+00
  0.0000000E+00
  0.0000000E+00
  0.0000000E+00
  0.0000000E+00
  0.0000000E+00
  0.0000000E+00
  0.0000000E+00
  0.0000000E+00
  0.0000000E+00
  8.4130634E-03
  1.8560529E-02
  4.5265548E-02
  0.1020166    
  0.2729106    
  0.4197262    
  0.4341704    
  0.3579833    
  0.2571800    
  0.1504995    
  4.2093094E-02
  7.7610217E-11
  0.0000000E+00
  4.2186194E-04
  0.0000000E+00
  2.5873585E-04
  2.2395173E-04
  0.0000000E+00
  3.5991333E-04
  6.4542954E-04
  1.0180959E-02
  0.1474189    
  0.3812765    
  0.6835227    
   1.009574    
   1.796683    
   3.477247    
   5.703126    
   8.414313    
   11.65186    
   15.04371    
   18.53909    
   21.85356    
   24.64244    
   27.00524    
   28.74032    
   29.80637    
   29.85150    
   28.36368    
   26.01451    
   23.86801    
   22.07787    
   20.56511    
   19.28007    
   18.13752    
   17.17044    
   16.37236    
   15.14127    
   12.77251    
   10.10311    
   7.968676    
   6.272429    
   5.474747    
   6.331715    
   8.003290    
   9.875545    
   12.09587    
   14.72453    
   17.87110    
   20.89824    
   23.71750    
   26.01381    
   26.83250    
   27.22487    
   28.87214    
   31.40364    
   33.32678    
   35.55975    
   36.69456    
   36.53142    
  0.0000000E+00
  0.0000000E+00
  0.0000000E+00
  0.0000000E+00
  0.0000000E+00
  0.0000000E+00
  0.0000000E+00
  0.0000000E+00
  0.0000000E+00
  0.0000000E+00
  0.0000000E+00
  0.0000000E+00
  0.0000000E+00
  0.0000000E+00
  0.0000000E+00
  0.0000000E+00
  0.0000000E+00
  2.1537147E-03
  4.8422590E-03
  1.1999352E-02
  2.4335504E-02
  5.6481659E-02
  8.1215531E-02
  8.3214410E-02
  6.8606302E-02
  5.1497322E-02
  3.0494824E-02
  7.8693293E-03
  0.0000000E+00
  0.0000000E+00
  0.0000000E+00
  0.0000000E+00
  0.0000000E+00
  0.0000000E+00
  0.0000000E+00
  0.0000000E+00
  8.1442297E-04
  5.8339249E-02
  0.6387354    
   1.534187    
   2.512568    
   3.593118    
   4.881040    
   6.417299    
   8.246443    
   10.78360    
   14.00632    
   17.31643    
   20.60206    
   23.63405    
   26.06257    
   27.96827    
   29.19488    
   29.69620    
   29.39503    
   27.74344    
   25.33340    
   23.14261    
   21.26488    
   19.36898    
   17.44185    
   15.56229    
   13.98166    
   12.73306    
   11.22490    
   9.002092    
   6.685369    
   4.947676    
   3.684709    
   3.417291    
   4.886986    
   7.035281    
   9.146720    
   11.36130    
   13.96443    
   17.13897    
   20.17835    
   22.60431    
   24.27314    
   25.54851    
   26.78393    
   28.98562    
   31.78387    
   34.05570    
   36.54060    
   37.90530    
   37.78897    
  0.0000000E+00
  0.0000000E+00
  0.0000000E+00
  0.0000000E+00
  0.0000000E+00
  0.0000000E+00
  0.0000000E+00
  0.0000000E+00
  0.0000000E+00
  0.0000000E+00
  0.0000000E+00
  0.0000000E+00
  0.0000000E+00
  0.0000000E+00
  0.0000000E+00
  0.0000000E+00
  0.0000000E+00
  0.0000000E+00
  2.5994859E-05
  8.4364344E-04
  0.0000000E+00
  0.0000000E+00
  0.0000000E+00
  0.0000000E+00
  0.0000000E+00
  0.0000000E+00
  0.0000000E+00
  0.0000000E+00
  7.4961325E-05
  1.1061263E-04
  0.0000000E+00
  0.0000000E+00
  0.0000000E+00
  0.0000000E+00
  0.0000000E+00
  0.0000000E+00
  0.0000000E+00
  0.1843296    
   1.597867    
   3.653309    
   5.887155    
   8.508181    
   10.69767    
   11.40275    
   11.76308    
   13.31615    
   15.81049    
   18.35794    
   20.69983    
   22.81507    
   24.50183    
   25.83028    
   26.53200    
   26.42479    
   25.68761    
   24.08329    
   21.98421    
   20.06858    
   18.42360    
   16.63809    
   14.27434    
   11.75667    
   9.764141    
   8.269326    
   6.935888    
   5.694181    
   4.587874    
   3.638634    
   2.827745    
   2.940348    
   4.614518    
   6.798760    
   8.723751    
   10.62832    
   13.03439    
   16.28021    
   19.31024    
   21.00451    
   22.34005    
   24.21758    
   26.54998    
   29.45656    
   32.55767    
   35.09548    
   37.69455    
   39.21907    
   39.21907    
  0.0000000E+00
  0.0000000E+00
  0.0000000E+00
  0.0000000E+00
  0.0000000E+00
  0.0000000E+00
  0.0000000E+00
  0.0000000E+00
  0.0000000E+00
  0.0000000E+00
  0.0000000E+00
  0.0000000E+00
  0.0000000E+00
  0.0000000E+00
  0.0000000E+00
  0.0000000E+00
  0.0000000E+00
  0.0000000E+00
  0.0000000E+00
  0.0000000E+00
  0.0000000E+00
  0.0000000E+00
  0.0000000E+00
  0.0000000E+00
  8.9539931E-04
  0.0000000E+00
  0.0000000E+00
  0.0000000E+00
  0.0000000E+00
  0.0000000E+00
  0.0000000E+00
  0.0000000E+00
  0.0000000E+00
  0.0000000E+00
  0.0000000E+00
  0.0000000E+00
  0.0000000E+00
  0.0000000E+00
   2.429605    
   6.003421    
   9.837384    
   14.32894    
   17.61298    
   17.40739    
   16.06540    
   16.30532    
   17.75051    
   19.30136    
   20.56097    
   21.66236    
   22.59836    
   23.36880    
   23.55329    
   22.86424    
   21.74563    
   20.35665    
   18.78414    
   17.28507    
   15.97051    
   14.31781    
   11.63614    
   8.592514    
   6.209751    
   4.392394    
   3.101686    
   2.700387    
   2.671513    
   2.479336    
   2.210045    
   2.639409    
   4.361534    
   6.473917    
   8.262669    
   9.966196    
   12.20924    
   15.40684    
   18.33140    
   19.69390    
   20.92835    
   23.47685    
   26.70119    
   30.19059    
   33.46253    
   36.18111    
   38.77506    
   40.40782    
   40.59550    
  0.0000000E+00
  0.0000000E+00
  0.0000000E+00
  0.0000000E+00
  0.0000000E+00
  0.0000000E+00
  0.0000000E+00
  0.0000000E+00
  0.0000000E+00
  0.0000000E+00
  0.0000000E+00
  0.0000000E+00
  0.0000000E+00
  0.0000000E+00
  0.0000000E+00
  0.0000000E+00
  0.0000000E+00
  0.0000000E+00
  0.0000000E+00
  0.0000000E+00
  0.0000000E+00
  0.0000000E+00
  0.0000000E+00
  0.0000000E+00
  0.0000000E+00
  1.9960855E-03
  1.6410232E-02
  3.9386317E-02
  7.1598619E-02
  0.1139158    
  0.1731932    
  0.2623387    
  0.3595847    
  0.4339180    
  0.4923966    
  0.5373091    
  0.3358887    
  0.9393860    
   3.878186    
   8.189074    
   12.74208    
   17.97132    
   21.54578    
   20.62236    
   18.14173    
   17.48930    
   18.30309    
   19.24332    
   19.71732    
   20.04618    
   20.43600    
   20.83547    
   20.72756    
   19.74307    
   18.53532    
   17.62475    
   16.86423    
   16.03337    
   15.19496    
   13.83837    
   11.13195    
   7.860126    
   5.194698    
   2.982143    
   1.480064    
   1.387866    
   1.842829    
   2.017326    
   2.054951    
   2.625991    
   4.252346    
   6.204207    
   7.900099    
   9.530041    
   11.63086    
   14.56031    
   17.32923    
   18.90678    
   20.64872    
   23.74696    
   27.69079    
   31.44888    
   34.60898    
   37.41646    
   39.87243    
   41.55481    
   42.01398    
  0.0000000E+00
  0.0000000E+00
  0.0000000E+00
  0.0000000E+00
  0.0000000E+00
  0.0000000E+00
  0.0000000E+00
  0.0000000E+00
  0.0000000E+00
  0.0000000E+00
  0.0000000E+00
  0.0000000E+00
  0.0000000E+00
  0.0000000E+00
  0.0000000E+00
  0.0000000E+00
  0.0000000E+00
  0.0000000E+00
  0.0000000E+00
  0.0000000E+00
  0.0000000E+00
  0.0000000E+00
  0.0000000E+00
  0.0000000E+00
  0.0000000E+00
  2.4356127E-02
  0.1947288    
  0.4496715    
  0.7780311    
   1.182888    
   1.723685    
   2.516004    
   3.348983    
   3.934757    
   4.339837    
   4.611763    
   4.525550    
   4.962251    
   7.140195    
   10.30373    
   13.52543    
   17.10890    
   19.37883    
   18.18998    
   15.83165    
   15.24399    
   16.28688    
   17.35793    
   17.57729    
   17.54806    
   17.74760    
   18.07656    
   17.99920    
   17.10341    
   16.17485    
   16.04607    
   16.38537    
   16.44392    
   16.16752    
   15.19014    
   12.65683    
   9.355430    
   6.428693    
   3.681765    
   1.687574    
   1.406385    
   1.824785    
   2.034480    
   2.184606    
   2.762628    
   4.190371    
   5.917744    
   7.537247    
   9.167142    
   11.13926    
   13.67573    
   16.24064    
   18.41329    
   20.89822    
   24.57849    
   28.95670    
   32.57327    
   35.18103    
   37.89983    
   40.10909    
   41.70033    
   42.26511    
  0.0000000E+00
  0.0000000E+00
  0.0000000E+00
  0.0000000E+00
  0.0000000E+00
  0.0000000E+00
  0.0000000E+00
  0.0000000E+00
  0.0000000E+00
  0.0000000E+00
  0.0000000E+00
  0.0000000E+00
  0.0000000E+00
  0.0000000E+00
  0.0000000E+00
  0.0000000E+00
  0.0000000E+00
  0.0000000E+00
  0.0000000E+00
  0.0000000E+00
  0.0000000E+00
  0.0000000E+00
  0.0000000E+00
  7.9376687E-06
  0.0000000E+00
  6.0592815E-02
  0.4834002    
   1.105433    
   1.889250    
   2.837891    
   4.083828    
   5.895226    
   7.773581    
   9.043661    
   9.854796    
   10.35681    
   10.38134    
   10.49589    
   11.34700    
   12.54480    
   13.58266    
   14.55651    
   14.83628    
   13.45952    
   11.65610    
   11.49082    
   13.10243    
   14.59453    
   14.71893    
   14.42481    
   14.52589    
   14.87306    
   14.92677    
   14.25104    
   13.72114    
   14.45280    
   15.98363    
   17.04417    
   17.42774    
   16.91973    
   14.64023    
   11.35074    
   8.104116    
   4.658272    
   2.002060    
   1.410683    
   1.723039    
   1.945447    
   2.219726    
   2.834068    
   4.094224    
   5.625147    
   7.186993    
   8.836266    
   10.70876    
   12.89893    
   15.27569    
   18.04374    
   21.24321    
   25.41063    
   30.03649    
   33.10735    
   35.18103    
   37.74755    
   39.61230    
   40.98982    
   41.51837    
  0.0000000E+00
  0.0000000E+00
  0.0000000E+00
  0.0000000E+00
  0.0000000E+00
  0.0000000E+00
  0.0000000E+00
  0.0000000E+00
  0.0000000E+00
  0.0000000E+00
  0.0000000E+00
  0.0000000E+00
  0.0000000E+00
  0.0000000E+00
  0.0000000E+00
  0.0000000E+00
  0.0000000E+00
  0.0000000E+00
  0.0000000E+00
  0.0000000E+00
  0.0000000E+00
  1.4386924E-04
  6.8309149E-05
  0.0000000E+00
  0.0000000E+00
  7.8080967E-02
  0.7421783    
   1.727728    
   2.982567    
   4.494387    
   6.441367    
   9.248457    
   12.13841    
   14.05570    
   15.23539    
   15.91175    
   15.92338    
   15.63490    
   15.27544    
   14.75388    
   13.94710    
   12.78379    
   11.43024    
   9.901569    
   8.623063    
   8.875151    
   10.97717    
   12.85957    
   12.99481    
   12.56689    
   12.61822    
   12.97094    
   13.10021    
   12.54097    
   12.26655    
   13.69459    
   16.27174    
   18.14410    
   18.85120    
   18.46838    
   16.23259    
   12.86149    
   9.479748    
   5.908546    
   3.166560    
   2.530497    
   2.864131    
   3.199368    
   3.659713    
   4.349489    
   5.433753    
   6.722615    
   8.131721    
   9.668232    
   11.41384    
   13.45148    
   15.75036    
   18.70102    
   22.05114    
   26.13083    
   30.46835    
   33.16073    
   34.78509    
   36.85332    
   38.28109    
   39.28415    
   39.59753    
  0.0000000E+00
  0.0000000E+00
  0.0000000E+00
  0.0000000E+00
  0.0000000E+00
  0.0000000E+00
  0.0000000E+00
  0.0000000E+00
  0.0000000E+00
  0.0000000E+00
  0.0000000E+00
  0.0000000E+00
  0.0000000E+00
  0.0000000E+00
  0.0000000E+00
  0.0000000E+00
  0.0000000E+00
  0.0000000E+00
  0.0000000E+00
  0.0000000E+00
  0.0000000E+00
  0.0000000E+00
  0.0000000E+00
  5.0358865E-03
  0.0000000E+00
  0.1640792    
   1.138702    
   2.561097    
   4.242560    
   6.129182    
   8.514999    
   11.99071    
   15.61688    
   18.17609    
   19.96436    
   20.86574    
   20.36989    
   19.18845    
   17.76147    
   16.06394    
   14.19495    
   12.04809    
   10.15355    
   9.095251    
   8.750286    
   9.634196    
   12.08504    
   14.28613    
   14.81736    
   14.74047    
   14.92069    
   15.21717    
   15.23005    
   14.46012    
   14.03710    
   15.74596    
   18.96263    
   21.06992    
   21.15150    
   19.95069    
   17.20437    
   13.51649    
   10.42450    
   8.057133    
   6.498546    
   6.282114    
   6.741946    
   7.245474    
   7.870821    
   8.573973    
   9.348099    
   10.20268    
   11.21487    
   12.35623    
   13.84798    
   15.93019    
   18.25071    
   20.65340    
   23.27231    
   26.49506    
   30.00807    
   32.46990    
   33.87247    
   35.44405    
   36.44640    
   37.11346    
   37.11346    
  0.0000000E+00
  0.0000000E+00
  0.0000000E+00
  0.0000000E+00
  0.0000000E+00
  0.0000000E+00
  0.0000000E+00
  0.0000000E+00
  0.0000000E+00
  0.0000000E+00
  0.0000000E+00
  0.0000000E+00
  0.0000000E+00
  0.0000000E+00
  0.0000000E+00
  0.0000000E+00
  0.0000000E+00
  0.0000000E+00
  0.0000000E+00
  0.0000000E+00
  0.0000000E+00
  0.0000000E+00
  0.0000000E+00
  3.8158946E-02
  2.9824734E-02
  0.4241664    
   1.883304    
   3.916489    
   5.942160    
   7.843812    
   10.21629    
   13.83626    
   17.77497    
   20.98873    
   23.78773    
   25.05278    
   23.43559    
   20.74764    
   18.44493    
   16.25553    
   14.22886    
   12.32441    
   10.98411    
   10.93840    
   11.80002    
   13.39841    
   15.96103    
   18.28696    
   19.37886    
   19.90668    
   20.24815    
   20.33969    
   20.00862    
   18.72917    
   17.82475    
   19.50338    
   23.11304    
   25.15229    
   24.08660    
   21.54211    
   17.97334    
   13.79859    
   11.11121    
   10.49643    
   10.68201    
   11.10977    
   11.75207    
   12.46014    
   13.28288    
   14.01516    
   14.43659    
   14.77112    
   15.26558    
   15.84963    
   16.98557    
   19.17138    
   21.57168    
   23.17256    
   24.60513    
   26.72505    
   29.12004    
   31.06687    
   32.50985    
   33.52863    
   34.13012    
   34.46619    
   34.05246    
  0.0000000E+00
  0.0000000E+00
  0.0000000E+00
  0.0000000E+00
  0.0000000E+00
  0.0000000E+00
  0.0000000E+00
  0.0000000E+00
  0.0000000E+00
  0.0000000E+00
  0.0000000E+00
  0.0000000E+00
  0.0000000E+00
  0.0000000E+00
  0.0000000E+00
  0.0000000E+00
  0.0000000E+00
  0.0000000E+00
  0.0000000E+00
  0.0000000E+00
  0.0000000E+00
  0.0000000E+00
  0.0000000E+00
  7.9996124E-02
  0.1531603    
  0.7608134    
   2.792345    
   5.559913    
   7.963408    
   9.794401    
   12.00926    
   15.55281    
   19.59784    
   23.43464    
   27.44068    
   29.19685    
   26.19275    
   21.64154    
   18.37057    
   15.76627    
   13.73654    
   12.35192    
   11.83317    
   12.94810    
   15.15254    
   17.58329    
   20.27900    
   22.71318    
   24.35954    
   25.49206    
   25.97101    
   25.77737    
   24.99981    
   23.10972    
   21.60395    
   23.10443    
   26.99585    
   28.94972    
   26.80067    
   23.01249    
   18.74010    
   14.18515    
   11.84323    
   12.71707    
   14.40528    
   15.38854    
   16.14666    
   16.94184    
   17.81652    
   18.45537    
   18.47082    
   18.28466    
   18.34872    
   18.55003    
   19.42586    
   21.61675    
   23.98726    
   24.96265    
   25.40989    
   26.64791    
   28.01981    
   29.39412    
   30.64569    
   31.00895    
   31.21682    
   31.30113    
   30.43237    
  0.0000000E+00
  0.0000000E+00
  0.0000000E+00
  0.0000000E+00
  0.0000000E+00
  0.0000000E+00
  0.0000000E+00
  0.0000000E+00
  0.0000000E+00
  0.0000000E+00
  0.0000000E+00
  0.0000000E+00
  0.0000000E+00
  0.0000000E+00
  0.0000000E+00
  0.0000000E+00
  0.0000000E+00
  0.0000000E+00
  0.0000000E+00
  0.0000000E+00
  0.0000000E+00
  0.0000000E+00
  0.0000000E+00
  0.1096161    
  0.2521807    
   1.021113    
   3.470280    
   6.790650    
   9.468868    
   11.17613    
   13.23194    
   16.83506    
   21.15287    
   25.59354    
   30.65897    
   33.00546    
   29.16404    
   23.38500    
   19.54584    
   16.79536    
   14.87991    
   13.91019    
   13.97777    
   15.87634    
   18.97421    
   21.87419    
   24.41475    
   26.64093    
   28.45568    
   29.81560    
   30.12846    
   29.36902    
   27.90266    
   25.27983    
   23.02381    
   23.93544    
   27.50522    
   29.24183    
   26.78914    
   22.83111    
   18.79880    
   14.72097    
   12.98751    
   14.73504    
   17.17142    
   18.34194    
   18.95860    
   19.44015    
   19.78963    
   19.84157    
   19.27814    
   18.60085    
   18.54206    
   18.99845    
   20.03368    
   22.02919    
   24.04570    
   24.64088    
   24.78592    
   25.37369    
   26.41173    
   27.63653    
   28.66309    
   28.66309    
   28.66309    
   28.36652    
   26.96150    
  0.0000000E+00
  0.0000000E+00
  4.6109024E-05
  1.5005610E-04
  1.7533476E-04
  1.2626989E-04
  4.2524811E-05
  0.0000000E+00
  0.0000000E+00
  0.0000000E+00
  0.0000000E+00
  0.0000000E+00
  0.0000000E+00
  0.0000000E+00
  0.0000000E+00
  0.0000000E+00
  0.0000000E+00
  0.0000000E+00
  0.0000000E+00
  0.0000000E+00
  0.0000000E+00
  0.0000000E+00
  0.0000000E+00
  0.1078685    
  0.2716149    
   1.013658    
   3.313309    
   6.427880    
   8.843125    
   10.11475    
   11.95164    
   16.08213    
   21.31749    
   26.51423    
   32.23726    
   35.28842    
   32.10736    
   26.98263    
   23.87898    
   21.92327    
   20.63481    
   19.97206    
   20.12666    
   21.88867    
   24.67845    
   27.00332    
   28.56581    
   29.81567    
   31.01935    
   31.89644    
   31.49002    
   29.71949    
   27.23269    
   23.77914    
   20.67432    
   20.53924    
   23.02859    
   24.44742    
   22.91756    
   20.38568    
   17.88530    
   15.39045    
   14.64848    
   16.60019    
   18.94785    
   19.93331    
   20.20565    
   20.06755    
   19.44095    
   18.54710    
   17.33900    
   16.26827    
   16.38984    
   17.67890    
   19.29346    
   21.02910    
   22.52287    
   22.88383    
   22.79278    
   23.28234    
   24.38312    
   25.70329    
   26.49881    
   26.34399    
   26.26920    
   25.54901    
   23.62298    
  3.3894095E-05
  3.6965997E-05
  1.7533466E-04
  4.9736409E-04
  5.2600424E-04
  3.7880964E-04
  1.2757443E-04
  0.0000000E+00
  0.0000000E+00
  0.0000000E+00
  0.0000000E+00
  0.0000000E+00
  0.0000000E+00
  0.0000000E+00
  0.0000000E+00
  0.0000000E+00
  0.0000000E+00
  0.0000000E+00
  0.0000000E+00
  0.0000000E+00
  0.0000000E+00
  0.0000000E+00
  0.0000000E+00
  7.3531166E-02
  0.1977410    
  0.7162561    
   2.307421    
   4.483150    
   6.157857    
   6.804809    
   8.466057    
   13.57412    
   20.33859    
   26.53451    
   32.68240    
   36.51348    
   35.02754    
   31.80272    
   30.21025    
   29.54213    
   29.10027    
   28.57767    
   28.45619    
   29.57869    
   31.47075    
   32.75299    
   33.00472    
   32.98342    
   33.29057    
   33.44823    
   32.13992    
   29.17124    
   25.49480    
   21.12595    
   17.09280    
   15.74057    
   16.86151    
   17.87858    
   17.71088    
   17.20088    
   16.69781    
   16.21090    
   16.68385    
   18.71154    
   20.75509    
   21.43177    
   21.25681    
   20.35350    
   18.52333    
   16.46664    
   14.51014    
   13.04880    
   13.49113    
   15.90746    
   18.36644    
   19.93774    
   20.93255    
   20.92380    
   20.50304    
   20.82207    
   22.03022    
   23.66685    
   24.46421    
   24.45956    
   24.50433    
   23.23235    
   20.66248    
  0.0000000E+00
  0.0000000E+00
  1.7533476E-04
  5.2600424E-04
  6.0866209E-04
  4.3833687E-04
  1.4762185E-04
  0.0000000E+00
  0.0000000E+00
  0.0000000E+00
  0.0000000E+00
  0.0000000E+00
  0.0000000E+00
  0.0000000E+00
  0.0000000E+00
  0.0000000E+00
  0.0000000E+00
  0.0000000E+00
  0.0000000E+00
  0.0000000E+00
  0.0000000E+00
  0.0000000E+00
  0.0000000E+00
  3.3940092E-02
  9.7605728E-02
  0.3453164    
   1.097442    
   2.129231    
   2.907982    
   2.870831    
   4.376334    
   10.64533    
   19.23913    
   26.64449    
   33.20876    
   37.73125    
   37.94870    
   36.60659    
   36.39788    
   36.85197    
   37.11414    
   36.61028    
   36.13069    
   36.61053    
   37.64904    
   37.94471    
   36.93365    
   35.66185    
   35.05137    
   34.47691    
   32.34085    
   28.33688    
   23.67696    
   18.63038    
   13.94689    
   11.67470    
   11.67929    
   12.29688    
   13.14521    
   14.18975    
   15.22550    
   16.31437    
   17.76887    
   19.87250    
   21.72219    
   22.31019    
   22.02925    
   20.86515    
   18.53894    
   16.03163    
   13.93412    
   12.50910    
   13.05510    
   15.66862    
   18.07012    
   18.99202    
   19.19749    
   18.78291    
   18.13747    
   18.27266    
   19.39463    
   20.94144    
   21.59903    
   21.59903    
   21.59903    
   20.11158    
   17.60020    
  4.4316075E-06
  5.1028364E-06
  1.1591526E-04
  3.9906532E-04
  5.2600424E-04
  3.7880964E-04
  1.2757443E-04
  0.0000000E+00
  0.0000000E+00
  0.0000000E+00
  0.0000000E+00
  0.0000000E+00
  0.0000000E+00
  0.0000000E+00
  0.0000000E+00
  0.0000000E+00
  0.0000000E+00
  0.0000000E+00
  0.0000000E+00
  0.0000000E+00
  0.0000000E+00
  0.0000000E+00
  0.0000000E+00
  7.7193426E-03
  2.4060354E-02
  7.5712487E-02
  0.2196320    
  0.3985357    
  0.5060714    
  2.4975419E-02
   1.357455    
   8.069857    
   17.46805    
   25.30040    
   31.66833    
   36.22105    
   37.40825    
   37.24770    
   37.91164    
   39.14985    
   40.02881    
   39.86671    
   39.49412    
   39.69483    
   40.17638    
   39.70293    
   37.53935    
   35.02973    
   33.36274    
   31.89396    
   29.14023    
   24.78072    
   20.00967    
   15.26098    
   10.95832    
   8.634100    
   8.216620    
   8.624390    
   9.791465    
   11.33565    
   12.88124    
   14.50807    
   16.26805    
   18.29992    
   20.13352    
   21.18466    
   21.68355    
   21.50332    
   20.41550    
   19.20299    
   18.35983    
   17.84418    
   17.93167    
   18.62228    
   18.93574    
   18.17187    
   17.03121    
   16.17360    
   15.59695    
   15.64658    
   16.54432    
   17.76723    
   18.32672    
   18.25540    
   18.10054    
   16.62238    
   14.64716    
  3.6379788E-11
  2.9103830E-11
  1.5270580E-04
  5.0952280E-05
  5.6357594E-04
  4.0586747E-04
  1.3668688E-04
  0.0000000E+00
  1.6792262E-03
  0.0000000E+00
  0.0000000E+00
  0.0000000E+00
  0.0000000E+00
  0.0000000E+00
  0.0000000E+00
  0.0000000E+00
  0.0000000E+00
  0.0000000E+00
  0.0000000E+00
  0.0000000E+00
  0.0000000E+00
  4.1839354E-05
  1.1523126E-04
  0.0000000E+00
  0.0000000E+00
  0.0000000E+00
  0.0000000E+00
  0.0000000E+00
  2.5081158E-02
  0.1362443    
  0.6669587    
   6.279589    
   14.21044    
   20.78376    
   25.89893    
   29.56236    
   30.72624    
   30.87724    
   31.92484    
   33.76579    
   35.43932    
   36.37355    
   37.03989    
   37.68365    
   38.19037    
   37.40798    
   34.39484    
   30.83042    
   28.14064    
   25.75951    
   22.69954    
   18.72346    
   14.69434    
   11.10328    
   8.036048    
   6.330883    
   5.972867    
   6.276443    
   7.252630    
   8.571416    
   9.978601    
   11.53373    
   13.22149    
   15.10975    
   17.02146    
   18.81913    
   20.54964    
   21.95077    
   22.89286    
   23.74505    
   24.76131    
   25.58447    
   25.06926    
   22.94940    
   20.26071    
   17.34410    
   14.58897    
   13.22976    
   12.82188    
   12.86006    
   13.47461    
   14.08875    
   14.46834    
   14.24879    
   13.82360    
   12.69036    
   11.97105    
  1.5383793E-04
  1.7713911E-04
  1.5270580E-04
  5.0952258E-05
  0.0000000E+00
  0.0000000E+00
  0.0000000E+00
  0.0000000E+00
  0.0000000E+00
  0.0000000E+00
  0.0000000E+00
  0.0000000E+00
  0.0000000E+00
  0.0000000E+00
  0.0000000E+00
  0.0000000E+00
  0.0000000E+00
  4.4515618E-04
  0.0000000E+00
  0.0000000E+00
  0.0000000E+00
  0.0000000E+00
  0.0000000E+00
  0.0000000E+00
  0.0000000E+00
  0.0000000E+00
  0.0000000E+00
  0.0000000E+00
  5.0589189E-02
  0.2715182    
  0.9364687    
   4.835410    
   10.34886    
   14.93053    
   18.38225    
   20.82454    
   21.60085    
   21.77947    
   23.09610    
   25.55758    
   28.19250    
   30.62368    
   32.80713    
   34.24719    
   35.01729    
   34.07779    
   30.24206    
   25.58475    
   21.84306    
   18.51083    
   15.18355    
   11.79186    
   8.752808    
   6.544201    
   4.935299    
   4.012920    
   3.781559    
   3.984699    
   4.732922    
   5.794331    
   7.074116    
   8.608178    
   10.31659    
   12.20279    
   14.32069    
   16.91074    
   19.84862    
   22.69250    
   25.36837    
   27.91760    
   30.40890    
   32.30357    
   31.32299    
   26.88987    
   21.67858    
   16.91931    
   12.75356    
   11.05236    
   10.94312    
   11.07626    
   11.44578    
   11.65531    
   11.76272    
   11.22139    
   10.38385    
   9.414276    
   9.414276    
  7.8914827E-04
  9.7677368E-04
  7.6885906E-04
  6.7010953E-04
  0.0000000E+00
  0.0000000E+00
  0.0000000E+00
  1.0628418E-04
  2.1055466E-04
  1.9436418E-03
  0.0000000E+00
  0.0000000E+00
  0.0000000E+00
  0.0000000E+00
  6.0156766E-05
  1.2432324E-04
  0.0000000E+00
  4.0580244E-03
  0.0000000E+00
  0.0000000E+00
  0.0000000E+00
  0.0000000E+00
  0.0000000E+00
  0.0000000E+00
  0.0000000E+00
  0.0000000E+00
  0.0000000E+00
  0.0000000E+00
  8.8461816E-02
  0.2202971    
  0.9923452    
   3.541747    
   7.121791    
   10.06496    
   12.13068    
   13.57336    
   14.10537    
   14.42035    
   16.03028    
   19.03151    
   22.41363    
   25.89746    
   29.12930    
   31.14843    
   32.16100    
   31.21350    
   26.94253    
   21.63684    
   17.16763    
   13.08731    
   9.498121    
   6.497993    
   4.174535    
   2.994421    
   2.504122    
   2.215756    
   2.123602    
   2.316372    
   2.999171    
   4.024589    
   5.493595    
   7.417738    
   9.712104    
   12.49353    
   15.63331    
   19.13705    
   22.89167    
   26.43333    
   29.63106    
   32.50549    
   35.08844    
   36.86860    
   35.36849    
   29.92323    
   23.65113    
   17.97709    
   13.04966    
   11.10707    
   11.13179    
   11.25635    
   11.37414    
   11.48739    
   10.27829    
   9.090662    
   7.751442    
   6.856799    
   7.262290    
  2.0248070E-03
  2.5220988E-03
  1.9622929E-03
  2.1050409E-03
  0.0000000E+00
  0.0000000E+00
  0.0000000E+00
  0.0000000E+00
  2.3982592E-04
  1.2462354E-02
  1.5817102E-02
  2.1000501E-02
  1.3912238E-02
  3.6836099E-03
  0.0000000E+00
  0.0000000E+00
  0.0000000E+00
  0.0000000E+00
  2.2388488E-02
  0.2348154    
  0.5884656    
   1.014416    
   1.587472    
   1.937115    
   1.537687    
  0.8307971    
  0.3884307    
  0.1459746    
  0.1194445    
  0.3189485    
   1.033309    
   3.004155    
   5.806365    
   8.052177    
   9.365851    
   10.24152    
   10.72644    
   11.21069    
   12.93218    
   16.06939    
   19.51325    
   22.80984    
   25.79409    
   27.81901    
   29.10289    
   28.62730    
   25.04840    
   20.36686    
   16.03460    
   11.75305    
   8.030482    
   5.034897    
   2.792427    
   1.846833    
   1.692488    
   1.643931    
   1.673227    
   1.973225    
   2.778207    
   4.031786    
   6.097726    
   8.946597    
   12.56268    
   17.41992    
   22.60544    
   27.04193    
   30.91733    
   34.05795    
   36.17696    
   37.67584    
   38.77747    
   39.14591    
   37.04373    
   31.95256    
   26.10797    
   20.38386    
   15.24292    
   13.16147    
   13.20159    
   12.80316    
   11.91237    
   11.58640    
   10.27829    
   8.463381    
   6.179641    
   5.133116    
   5.385417    
  2.5702803E-03
  2.8593822E-03
  2.4214664E-03
  2.4363822E-03
  0.0000000E+00
  0.0000000E+00
  0.0000000E+00
  0.0000000E+00
  9.4080335E-03
  5.3794615E-02
  0.1440254    
  0.1920432    
  0.1272096    
  3.4733638E-02
  0.0000000E+00
  0.0000000E+00
  0.0000000E+00
  0.0000000E+00
  0.1329544    
   1.234807    
   2.883541    
   4.613083    
   6.715734    
   7.799829    
   5.979500    
   3.104119    
   1.385911    
  0.5314033    
  0.1648569    
  0.2758067    
   1.049023    
   3.221585    
   6.419844    
   8.869343    
   9.919943    
   10.47159    
   10.92906    
   11.45705    
   13.00696    
   15.83699    
   18.74309    
   20.93496    
   22.74474    
   24.35395    
   25.91923    
   26.18610    
   23.90433    
   20.50660    
   16.69894    
   12.37408    
   8.460747    
   5.190647    
   2.673080    
   1.605752    
   1.467958    
   1.472428    
   1.556185    
   1.922872    
   2.796126    
   4.226051    
   6.918170    
   10.79885    
   15.98372    
   23.46464    
   31.26378    
   36.82454    
   40.70872    
   43.15128    
   43.67854    
   43.24789    
   42.38878    
   40.92118    
   38.11207    
   33.72087    
   28.70591    
   23.13305    
   17.87261    
   15.59477    
   15.58652    
   14.84687    
   13.02497    
   11.70888    
   10.27829    
   8.463381    
   6.179641    
   5.133116    
   5.385417    
  2.7684199E-03
  2.4455572E-03
  2.4174077E-03
  2.1089993E-03
  1.1925399E-02
  3.2779463E-02
  5.9485219E-02
  5.0067320E-02
  3.6028147E-02
  0.1066611    
  0.3236662    
  0.4379097    
  0.2905039    
  7.5937524E-02
  0.0000000E+00
  0.0000000E+00
  0.0000000E+00
  0.0000000E+00
  0.1105089    
   2.332366    
   5.672550    
   9.098746    
   13.13112    
   15.16920    
   11.63014    
   5.992861    
   2.583596    
  0.9489506    
  0.1691419    
  0.1645144    
   1.058028    
   3.666450    
   7.630252    
   10.55633    
   11.40658    
   11.59800    
   11.95553    
   12.42984    
   13.69934    
   16.08310    
   18.30832    
   19.26999    
   19.78272    
   20.88709    
   22.69339    
   23.64627    
   22.55405    
   20.32687    
   16.97782    
   12.56618    
   8.451492    
   4.972906    
   2.286491    
   1.197187    
   1.165864    
   1.335383    
   1.626850    
   2.276939    
   3.559963    
   5.540105    
   9.054934    
   14.01378    
   20.50530    
   29.73461    
   39.16605    
   45.33728    
   49.01280    
   50.77598    
   50.05395    
   48.16428    
   45.85219    
   43.01206    
   39.58317    
   35.53846    
   30.98161    
   25.42761    
   19.98335    
   17.48333    
   17.39920    
   16.58869    
   14.66828    
   13.57002    
   12.33967    
   10.55361    
   8.159750    
   6.930165    
   7.096528    
  2.5702803E-03
  8.1858761E-04
  1.7086219E-03
  7.0036924E-04
  3.5375137E-02
  9.8212302E-02
  0.1770422    
  0.1546118    
  9.6810959E-02
  0.1605712    
  0.4980044    
  0.6896741    
  0.4647883    
  0.1327328    
  1.4320612E-03
  3.0536354E-03
  3.1587929E-02
  0.0000000E+00
  0.4731460    
   3.581586    
   8.230274    
   12.96070    
   18.42305    
   21.19386    
   16.44501    
   8.699810    
   3.878412    
   1.545034    
  0.3560240    
  0.1792666    
   1.039561    
   3.724121    
   7.962953    
   11.04977    
   11.68623    
   11.58290    
   11.81861    
   12.19070    
   13.16321    
   15.06866    
   16.69927    
   16.86790    
   16.57771    
   17.26632    
   19.03468    
   20.25033    
   19.79265    
   18.27875    
   15.44807    
   11.42037    
   7.648179    
   4.535388    
   2.175928    
   1.250692    
   1.340717    
   1.945521    
   3.069242    
   4.897872    
   7.908537    
   11.86897    
   16.98747    
   23.24346    
   30.29797    
   38.60717    
   46.52923    
   51.45190    
   53.97072    
   54.79085    
   53.47884    
   51.16435    
   48.48379    
   45.35033    
   41.68212    
   37.38297    
   32.55764    
   26.78851    
   21.08522    
   18.31067    
   18.01233    
   17.57056    
   16.64339    
   16.52059    
   15.81026    
   14.36035    
   12.07980    
   10.53126    
   10.72778    
  2.9232255E-03
  0.0000000E+00
  1.2287712E-03
 -1.8626451E-09
  4.2655893E-02
  0.1264823    
  0.2425346    
  0.2342920    
  0.2115705    
  0.3359339    
  0.7948143    
   1.044948    
  0.7304749    
  0.3131096    
  0.3423600    
  0.7244971    
   1.250421    
   1.711075    
   2.939337    
   6.269986    
   10.90162    
   15.59144    
   20.99819    
   23.69033    
   18.81546    
   10.77180    
   5.506608    
   2.720885    
   1.097067    
  0.5443052    
  0.9630708    
   2.949615    
   6.364610    
   8.884363    
   9.367266    
   9.226915    
   9.356709    
   9.584022    
   10.26872    
   11.68132    
   12.91330    
   13.06838    
   12.87134    
   13.37462    
   14.70198    
   15.57885    
   15.03259    
   13.66676    
   11.49036    
   8.531228    
   5.844907    
   3.805573    
   2.350904    
   1.808027    
   2.011583    
   3.267380    
   5.784823    
   9.555992    
   15.33868    
   22.37350    
   29.61468    
   37.21590    
   44.21880    
   49.60891    
   53.71558    
   56.09711    
   56.88180    
   56.63517    
   55.18861    
   53.11852    
   50.70154    
   47.87410    
   44.19429    
   39.35374    
   33.90429    
   27.80669    
   21.81992    
   18.64743    
   17.92533    
   17.81178    
   18.07166    
   18.98533    
   18.81694    
   18.17816    
   16.70458    
   15.43444    
   15.43444    
  4.1562389E-03
  0.0000000E+00
  8.1365585E-04
 -1.8626449E-09
  4.0070780E-02
  0.1463203    
  0.3160152    
  0.4147061    
  0.5139257    
  0.7509245    
   1.303539    
   1.559900    
   1.129688    
  0.6597143    
   1.078926    
   2.247026    
   3.740833    
   5.469468    
   7.609627    
   10.47975    
   13.78354    
   17.19855    
   21.35851    
   23.37832    
   19.23769    
   12.31858    
   7.387499    
   4.329563    
   2.234228    
   1.151109    
  0.8757553    
   1.765058    
   3.792511    
   5.377175    
   5.775605    
   5.786600    
   5.868253    
   5.955871    
   6.368381    
   7.291428    
   8.191587    
   8.605444    
   8.839346    
   9.267973    
   9.992748    
   10.28402    
   9.412737    
   8.014122    
   6.517417    
   4.857857    
   3.517580    
   2.777247    
   2.383681    
   2.189442    
   2.286664    
   4.037889    
   7.997518    
   13.89275    
   22.82616    
   33.45669    
   43.17680    
   52.24765    
   59.15344    
   61.33956    
   61.24949    
   60.85085    
   59.81364    
   58.46701    
   56.88489    
   55.05960    
   52.85751    
   50.27274    
   46.55764    
   41.21096    
   35.18903    
   28.79085    
   22.55715    
   18.92769    
   17.70795    
   17.65188    
   18.44212    
   20.79264    
   21.46634    
   22.04623    
   21.95636    
   21.44279    
   21.23308    
  7.8965612E-03
  0.0000000E+00
  8.1571750E-04
 -1.8626434E-09
  2.9873805E-02
  0.1609940    
  0.4135535    
  0.6309280    
  0.8968527    
   1.260788    
   1.830636    
   1.990286    
   1.336342    
  0.7010011    
   1.497193    
   3.568971    
   6.225882    
   9.532626    
   12.88389    
   15.32380    
   17.08570    
   18.99590    
   21.73199    
   22.96156    
   19.57155    
   13.90167    
   9.388556    
   6.045430    
   3.443579    
   1.796831    
  0.8366657    
  0.7238615    
   1.481018    
   2.207809    
   2.563547    
   2.772724    
   2.868931    
   2.872170    
   3.065024    
   3.563439    
   4.143582    
   4.701408    
   5.248407    
   5.648049    
   5.937595    
   5.818621    
   4.800032    
   3.485063    
   2.606550    
   2.078135    
   1.928111    
   2.323349    
   2.977795    
   3.592665    
   4.351368    
   7.092885    
   12.60721    
   20.29615    
   31.19758    
   43.79413    
   54.61056    
   63.82491    
   69.89600    
   69.63328    
   66.57332    
   64.12659    
   61.76790    
   59.59451    
   57.80620    
   56.01475    
   53.79602    
   51.20550    
   47.37854    
   41.70716    
   35.36761    
   28.87964    
   22.60113    
   18.65050    
   16.97934    
   16.93307    
   18.25392    
   21.35643    
   23.44584    
   25.65972    
   27.56128    
   28.32819    
   27.63167    
  8.7626986E-03
  0.0000000E+00
  3.7483172E-04
  0.0000000E+00
  1.3012011E-02
  0.1551682    
  0.4518422    
  0.8193383    
   1.270444    
   1.807973    
   2.505140    
   2.842108    
   2.364911    
   1.948354    
   3.217133    
   6.048314    
   9.498875    
   13.60155    
   17.38695    
   19.15046    
   19.39062    
   19.79928    
   21.16090    
   21.57120    
   18.70357    
   14.10821    
   10.11894    
   6.817060    
   4.092548    
   2.227572    
  0.9514006    
  0.3129702    
  0.3456858    
  0.5788153    
  0.9138092    
   1.248189    
   1.387074    
   1.393643    
   1.485091    
   1.721132    
   2.071805    
   2.626708    
   3.273377    
   3.705994    
   3.949175    
   3.842126    
   2.968514    
   1.901234    
   1.528421    
   1.764097    
   2.437819    
   3.619822    
   5.326102    
   7.914068    
   11.38313    
   16.51615    
   23.88585    
   32.58279    
   42.67691    
   53.32230    
   61.94428    
   68.52211    
   72.31397    
   70.98503    
   67.35292    
   64.40742    
   61.76470    
   59.36777    
   57.37457    
   55.38087    
   52.90636    
   50.03790    
   46.05556    
   40.36785    
   34.10125    
   27.83868    
   21.80272    
   17.86545    
   15.98606    
   15.78500    
   17.48453    
   20.97060    
   24.76952    
   28.64300    
   32.68380    
   35.05616    
   35.05616    
  9.4080027E-03
  0.0000000E+00
  3.6771130E-04
  9.0066055E-10
  1.3012011E-02
  0.1535927    
  0.4495755    
  0.9085811    
   1.486643    
   2.346128    
   3.761840    
   5.194330    
   6.095820    
   7.074202    
   9.178808    
   12.36349    
   15.57331    
   18.38540    
   20.40452    
   20.46518    
   18.94817    
   17.75690    
   17.78354    
   17.44445    
   15.02371    
   11.48771    
   8.376801    
   5.827065    
   3.732948    
   2.269068    
   1.256399    
  0.7441467    
  0.7687587    
  0.9687042    
   1.246073    
   1.521225    
   1.649845    
   1.674288    
   1.706445    
   1.755445    
   1.883990    
   2.234706    
   2.711407    
   3.134106    
   3.567955    
   3.726815    
   3.117170    
   2.308122    
   2.259093    
   2.898591    
   4.049736    
   5.727392    
   8.381824    
   13.45885    
   20.69665    
   28.96968    
   38.31471    
   47.67719    
   55.85246    
   62.95039    
   68.03873    
   70.87663    
   71.76994    
   69.79521    
   66.44865    
   63.57947    
   61.02541    
   58.62472    
   56.44116    
   54.18253    
   51.39489    
   48.17495    
   44.02374    
   38.41486    
   32.33147    
   26.35978    
   20.62876    
   16.83377    
   14.84437    
   14.44102    
   15.95531    
   19.90758    
   24.76952    
   30.80851    
   37.06672    
   41.29513    
   42.78540    
  8.7626986E-03
  0.0000000E+00
  6.0466714E-03
  9.3132257E-10
  1.3628664E-02
  0.1320949    
  0.3747890    
  0.8613325    
   1.529718    
   2.820060    
   5.399074    
   8.595276    
   11.66765    
   14.80634    
   17.97022    
   21.21496    
   23.55324    
   23.88859    
   22.93218    
   20.74752    
   17.37349    
   14.55792    
   13.26620    
   12.17608    
   10.13769    
   7.673635    
   5.618612    
   4.124662    
   2.971845    
   2.154296    
   1.617242    
   1.451860    
   1.700570    
   2.006605    
   2.184377    
   2.299462    
   2.363292    
   2.379987    
   2.340946    
   2.194448    
   2.072489    
   2.144169    
   2.351940    
   2.710220    
   3.350591    
   3.783461    
   3.390416    
   2.774202    
   2.989872    
   4.002677    
   5.650528    
   7.910679    
   11.55350    
   18.93936    
   29.63445    
   40.75695    
   51.72126    
   61.53004    
   68.05540    
   72.09944    
   74.11079    
   73.72548    
   72.05214    
   69.32469    
   66.06071    
   63.18098    
   60.65692    
   58.23043    
   55.86110    
   53.34996    
   50.27663    
   46.73125    
   42.41610    
   36.89234    
   31.01629    
   25.39255    
   20.04822    
   16.28468    
   13.91061    
   13.08251    
   14.32007    
   18.40288    
   24.76952    
   32.03746    
   40.56583    
   46.92223    
   51.02724    
  1.8301373E-02
  0.0000000E+00
  3.6771130E-04
  9.3132257E-10
  1.8768311E-02
  0.2515794    
  0.5292079    
   1.054746    
   1.551441    
   3.012612    
   6.730682    
   11.93877    
   17.32233    
   22.71458    
   26.93374    
   30.09488    
   31.44907    
   29.34758    
   25.51924    
   21.18217    
   16.05878    
   11.74700    
   9.287995    
   7.538138    
   5.835102    
   4.369352    
   3.283427    
   2.683847    
   2.310980    
   2.035870    
   1.886240    
   1.965593    
   2.313613    
   2.650860    
   2.786984    
   2.841289    
   2.892516    
   2.932117    
   2.847165    
   2.507032    
   2.144829    
   2.012496    
   2.054757    
   2.382435    
   3.148204    
   3.852563    
   3.963446    
   4.033533    
   5.214231    
   7.596069    
   10.68714    
   14.22176    
   19.05727    
   27.58683    
   39.35269    
   50.99906    
   61.62291    
   70.48039    
   75.30273    
   77.12028    
   77.07675    
   74.80870    
   71.77737    
   68.86418    
   65.97411    
   63.33844    
   60.99772    
   58.63660    
   56.07251    
   53.25872    
   49.88725    
   46.02054    
   41.57696    
   36.24002    
   30.72679    
   25.68637    
   21.00533    
   17.05843    
   13.70092    
   12.06921    
   13.02494    
   16.97145    
   24.02542    
   32.15389    
   42.29506    
   50.28240    
   56.30104    
  4.5299497E-02
  0.0000000E+00
  7.3871110E-04
  3.0660807E-11
  6.7479528E-02
  0.5713876    
   1.160061    
   2.001055    
   2.848583    
   4.792550    
   9.291615    
   15.52512    
   21.73480    
   27.68896    
   31.86898    
   34.41316    
   34.80312    
   31.26984    
   25.89490    
   20.38636    
   14.32637    
   9.271915    
   6.392391    
   4.543989    
   3.204663    
   2.417960    
   1.941887    
   1.820666    
   1.842443    
   1.876968    
   1.957332    
   2.114637    
   2.350646    
   2.600591    
   2.854194    
   3.104884    
   3.293882    
   3.435714    
   3.356851    
   2.827229    
   2.241676    
   2.044367    
   2.128993    
   2.505078    
   3.232533    
   4.190282    
   5.349460    
   6.998905    
   10.30677    
   15.60768    
   21.50269    
   27.12313    
   33.21539    
   41.09765    
   50.48112    
   59.41079    
   67.25330    
   73.56541    
   76.69938    
   77.40903    
   76.61485    
   73.97318    
   70.88066    
   68.38477    
   66.14738    
   63.97900    
   61.94161    
   59.70299    
   56.92368    
   53.75335    
   50.05295    
   45.83762    
   41.25750    
   36.15306    
   31.07473    
   26.72021    
   22.85207    
   18.62612    
   13.98790    
   11.29312    
   11.91871    
   15.50891    
   22.52628    
   31.19309    
   42.29506    
   50.28240    
   56.30104    
  9.7075969E-02
  0.0000000E+00
  3.6771130E-04
  0.0000000E+00
  7.5544819E-02
   1.064989    
   2.413074    
   4.381873    
   7.008494    
   10.40700    
   14.93501    
   19.97308    
   24.17007    
   27.63505    
   29.95039    
   31.32077    
   31.09660    
   27.78896    
   22.95685    
   17.80772    
   11.96615    
   7.128781    
   4.659175    
   3.278426    
   2.300812    
   1.809710    
   1.538361    
   1.489595    
   1.553744    
   1.692581    
   1.885342    
   2.013065    
   2.005295    
   2.097147    
   2.575941    
   3.199020    
   3.632031    
   3.929077    
   3.886934    
   3.160700    
   2.327965    
   2.062150    
   2.192103    
   2.565711    
   3.101490    
   4.211965    
   6.590797    
   10.17930    
   16.10409    
   25.03852    
   34.42720    
   42.57204    
   50.10600    
   56.93381    
   62.88941    
   68.05208    
   72.32863    
   75.55146    
   76.91058    
   76.77975    
   75.56757    
   72.93671    
   70.10771    
   68.17052    
   66.66564    
   65.02928    
   63.29662    
   61.14298    
   58.08889    
   54.48746    
   50.39156    
   45.76049    
   40.97955    
   36.07838    
   31.41862    
   27.70965    
   24.63644    
   20.25670    
   14.41132    
   10.75414    
   10.89535    
   13.95411    
   20.59854    
   29.22307    
   40.61143    
   50.28240    
   56.30104    
  0.1065224    
  0.0000000E+00
  1.2662172E-02
  0.0000000E+00
  0.4395581    
   1.902586    
   4.033033    
   7.296976    
   12.25724    
   17.68278    
   22.18807    
   25.16054    
   26.29204    
   26.05753    
   25.72229    
   25.71995    
   25.01772    
   22.44930    
   18.84892    
   14.56796    
   9.265397    
   4.882339    
   3.051697    
   2.311991    
   1.717731    
   1.440624    
   1.287477    
   1.226204    
   1.265444    
   1.484694    
   1.796127    
   1.902197    
   1.646818    
   1.574218    
   2.272730    
   3.269547    
   3.949767    
   4.399926    
   4.405042    
   3.511674    
   2.480219    
   2.244134    
   2.594905    
   3.202295    
   3.863028    
   5.345668    
   8.830323    
   14.01005    
   21.96526    
   33.64077    
   45.63777    
   55.59688    
   64.08849    
   69.93868    
   72.95995    
   74.89661    
   76.24100    
   76.93147    
   76.71198    
   75.72178    
   73.99536    
   71.17165    
   68.37949    
   66.81977    
   65.91078    
   64.70802    
   63.18311    
   61.07909    
   57.86165    
   54.00716    
   49.73613    
   44.97146    
   40.23080    
   35.70119    
   31.54334    
   28.32890    
   25.74985    
   21.27677    
   14.69903    
   10.30215    
   10.05562    
   12.45410    
   18.27790    
   26.48805    
   37.61097    
   47.47243    
   56.10516    
  8.9600682E-02
  0.0000000E+00
  9.5257476E-02
  0.1684666    
   1.033618    
   2.929626    
   5.741418    
   9.984858    
   16.78107    
   23.88075    
   28.32700    
   29.48169    
   28.12814    
   24.87146    
   22.29473    
   21.15352    
   20.05011    
   17.99317    
   15.34463    
   11.82582    
   7.078133    
   3.134182    
   1.756902    
   1.442316    
   1.141942    
   1.065478    
   1.046844    
   1.031901    
   1.092363    
   1.350569    
   1.699848    
   1.801070    
   1.480085    
   1.366131    
   2.113713    
   3.204009    
   3.980172    
   4.538898    
   4.669182    
   3.866854    
   3.065582    
   3.610954    
   5.269048    
   7.262603    
   9.258606    
   11.93175    
   16.17988    
   21.74557    
   29.82182    
   41.37776    
   53.08046    
   62.61494    
   70.40881    
   74.79108    
   75.50494    
   75.26070    
   75.14432    
   74.77939    
   73.81394    
   72.33578    
   70.22258    
   67.04320    
   64.00700    
   62.55160    
   61.98038    
   61.03560    
   59.62175    
   57.63169    
   54.60489    
   50.99079    
   47.08904    
   42.81591    
   38.64895    
   34.84784    
   31.36104    
   28.42774    
   25.87190    
   21.40169    
   14.77839    
   10.04961    
   9.430696    
   11.05089    
   15.77496    
   23.21537    
   33.56281    
   43.00919    
   51.52815    
  3.0158263E-02
  0.0000000E+00
  0.2267017    
  0.4333940    
   1.934689    
   4.294141    
   7.742872    
   12.33242    
   19.36110    
   26.36819    
   29.84648    
   29.61804    
   27.02190    
   22.55491    
   19.13248    
   17.66411    
   16.60272    
   14.98775    
   13.00626    
   10.22655    
   6.330913    
   3.009089    
   1.715601    
   1.288141    
  0.9784688    
  0.9514945    
   1.005813    
   1.094718    
   1.224496    
   1.398659    
   1.583060    
   1.671460    
   1.600268    
   1.671155    
   2.206593    
   2.941715    
   3.575241    
   4.187020    
   4.555225    
   4.200387    
   4.166878    
   6.345032    
   10.48767    
   15.02610    
   19.43809    
   23.93810    
   28.46819    
   33.13697    
   39.54956    
   48.57525    
   57.69091    
   65.20516    
   71.26748    
   74.01811    
   73.05177    
   71.48029    
   70.96458    
   70.56472    
   69.43109    
   67.73508    
   65.35009    
   61.76862    
   58.38491    
   56.95708    
   56.68900    
   56.00486    
   54.70578    
   52.87523    
   50.18832    
   47.01262    
   43.68098    
   40.10891    
   36.69827    
   33.76899    
   31.04751    
   28.37466    
   25.73597    
   21.29514    
   14.83035    
   9.912139    
   9.128098    
   9.925097    
   13.13536    
   19.44023    
   28.49282    
   36.97820    
   44.86628    
  0.0000000E+00
  0.0000000E+00
  0.3501220    
  0.7239094    
   2.581535    
   5.305611    
   9.274827    
   13.66207    
   19.34456    
   24.54803    
   26.45614    
   25.54099    
   23.01460    
   19.10798    
   16.14691    
   15.00283    
   14.27297    
   13.01550    
   11.43866    
   9.305000    
   6.403453    
   3.802282    
   2.369230    
   1.511124    
   1.013585    
  0.9525244    
   1.046268    
   1.261139    
   1.486058    
   1.530194    
   1.447677    
   1.483048    
   1.758764    
   2.102124    
   2.355083    
   2.579243    
   2.958233    
   3.562561    
   4.145372    
   4.274674    
   5.086288    
   9.136497    
   16.23701    
   23.86052    
   31.25023    
   38.07423    
   43.03556    
   46.66472    
   51.06958    
   56.91965    
   62.79819    
   67.89679    
   72.01324    
   73.06342    
   70.45061    
   67.60113    
   66.73898    
   66.36166    
   65.09515    
   63.20580    
   60.58834    
   56.67854    
   53.02276    
   51.65086    
   51.69990    
   51.30184    
   50.13458    
   48.45481    
   46.06371    
   43.26858    
   40.46867    
   37.59876    
   34.93530    
   32.79984    
   30.75958    
   28.29839    
   25.50701    
   21.04043    
   14.74488    
   9.775274    
   8.761849    
   9.055533    
   11.15088    
   16.42090    
   24.19705    
   31.68903    
   38.83854    
  0.0000000E+00
  0.0000000E+00
  0.4615663    
   1.014891    
   3.021712    
   5.621393    
   10.17929    
   14.56454    
   18.61041    
   21.64816    
   22.00374    
   20.53372    
   18.28400    
   15.27462    
   13.04611    
   12.34611    
   11.98564    
   11.07045    
   9.852818    
   8.330748    
   6.413149    
   4.546564    
   3.008948    
   1.734450    
   1.036721    
  0.9364181    
   1.061044    
   1.372885    
   1.680440    
   1.648647    
   1.378366    
   1.390983    
   1.989693    
   2.607918    
   2.654211    
   2.441083    
   2.635082    
   3.353715    
   4.297510    
   5.123300    
   6.886442    
   12.37778    
   21.53842    
   31.11187    
   39.97282    
   47.69221    
   52.37285    
   54.73595    
   57.31787    
   60.75385    
   64.27061    
   67.57368    
   70.28213    
   70.28696    
   66.90550    
   63.46975    
   62.28014    
   61.72674    
   60.33425    
   58.36735    
   55.73212    
   51.87645    
   48.27446    
   46.89588    
   46.94806    
   46.61814    
   45.54602    
   44.02664    
   41.91864    
   39.50930    
   37.34676    
   35.45613    
   33.72714    
   32.22306    
   30.56162    
   27.98795    
   24.62172    
   20.05703    
   14.29745    
   9.717563    
   8.782214    
   9.054686    
   9.848846    
   14.16591    
   20.68645    
   27.14203    
   33.44878    
  0.0000000E+00
  0.0000000E+00
  0.5727195    
   1.354596    
   3.036247    
   5.809028    
   10.55273    
   14.36177    
   17.08540    
   18.50210    
   17.93353    
   16.14697    
   14.17892    
   11.95222    
   10.38791    
   10.06267    
   10.03303    
   9.559668    
   8.864075    
   7.961623    
   6.802908    
   5.455014    
   3.784396    
   2.092802    
   1.144791    
  0.9616139    
   1.061520    
   1.366657    
   1.693577    
   1.725566    
   1.560492    
   1.762798    
   2.725590    
   3.634603    
   3.547329    
   2.975731    
   3.171638    
   4.386370    
   6.182035    
   8.398795    
   11.59159    
   17.61299    
   26.57025    
   35.16420    
   41.69619    
   46.61143    
   48.97109    
   49.27193    
   50.35747    
   53.33049    
   56.80527    
   59.97755    
   62.68685    
   63.22092    
   60.98051    
   58.44822    
   57.19629    
   56.26607    
   54.81504    
   52.99203    
   50.67161    
   47.39304    
   44.27745    
   42.83106    
   42.49744    
   41.95659    
   40.93363    
   39.58996    
   37.75315    
   35.73220    
   34.29877    
   33.63052    
   33.00287    
   31.99047    
   30.45053    
   27.51162    
   23.23241    
   18.54227    
   13.50160    
   9.597811    
   8.904896    
   9.186186    
   9.794719    
   12.90011    
   18.25950    
   23.70074    
   29.10632    
  0.0000000E+00
  0.0000000E+00
  0.5727195    
   1.390896    
   3.036247    
   5.429055    
   9.070292    
   12.02228    
   13.74496    
   14.34759    
   13.74412    
   12.49040    
   11.21905    
   9.831565    
   8.889370    
   8.789469    
   8.964951    
   9.044431    
   9.101463    
   8.791748    
   7.972354    
   6.730803    
   4.799942    
   2.648448    
   1.374765    
   1.047082    
   1.053497    
   1.236417    
   1.510624    
   1.739548    
   1.970930    
   2.569413    
   3.918166    
   5.105907    
   4.921986    
   4.015996    
   4.301917    
   6.253741    
   9.216293    
   13.23457    
   18.17761    
   24.27612    
   31.80405    
   37.92315    
   40.30006    
   40.71834    
   39.94518    
   37.99591    
   37.84263    
   41.23735    
   45.67649    
   49.43995    
   52.74174    
   54.42693    
   54.08549    
   53.06986    
   51.88670    
   50.47429    
   48.95060    
   47.35502    
   45.47076    
   42.93916    
   40.46022    
   38.94605    
   38.09118    
   37.21289    
   36.19822    
   35.02071    
   33.43643    
   31.78381    
   31.10236    
   31.76416    
   32.34300    
   31.82731    
   30.35552    
   26.96881    
   21.61812    
   16.73239    
   12.80821    
   9.943882    
   9.127711    
   9.470268    
   9.794719    
   12.63517    
   17.06079    
   21.65791    
   26.31209    
  0.0000000E+00
  0.0000000E+00
  0.4865041    
   1.210205    
   2.470731    
   4.101310    
   6.467830    
   8.275078    
   9.234263    
   9.529240    
   9.352684    
   9.037689    
   8.622835    
   8.048122    
   7.675736    
   7.714155    
   8.011072    
   8.670671    
   9.607279    
   9.957181    
   9.400503    
   8.177784    
   5.957829    
   3.304313    
   1.646029    
   1.138735    
   1.024303    
   1.043489    
   1.224921    
   1.641244    
   2.293586    
   3.308317    
   5.041008    
   6.509573    
   6.235910    
   4.964634    
   5.332249    
   8.107052    
   12.29793    
   18.06441    
   24.71012    
   30.88220    
   36.97264    
   40.74387    
   39.31533    
   35.67389    
   32.19163    
   28.41940    
   27.23641    
   30.87368    
   35.98786    
   40.12841    
   43.78487    
   46.29403    
   47.43587    
   47.66908    
   46.67718    
   45.01020    
   43.46421    
   42.01105    
   40.43164    
   38.51151    
   36.59476    
   35.09789    
   33.89305    
   32.80038    
   31.86211    
   30.90445    
   29.62523    
   28.35940    
   28.30974    
   29.99466    
   31.52654    
   31.48691    
   30.24460    
   26.93598    
   21.44994    
   16.88721    
   13.72308    
   11.47511    
   10.65561    
   10.88726    
   11.14687    
   13.41379    
   17.12921    
   21.65791    
   26.31209    
  0.0000000E+00
  0.0000000E+00
  0.2800883    
  0.7152593    
   1.429058    
   2.240732    
   3.337143    
   4.154955    
   4.587852    
   4.791233    
   5.077150    
   5.656621    
   6.100436    
   6.417969    
   6.745749    
   7.054512    
   7.544030    
   8.706029    
   10.35748    
   11.22095    
   10.76337    
   9.428009    
   6.946130    
   3.898035    
   1.927818    
   1.291918    
   1.109456    
   1.023025    
   1.163490    
   1.819899    
   2.984928    
   4.500358    
   6.614831    
   8.390925    
   8.254084    
   6.920982    
   7.262909    
   10.16407    
   14.51675    
   20.53179    
   27.31943    
   32.86769    
   37.64981    
   39.77525    
   36.08450    
   30.19402    
   25.56689    
   21.50755    
   20.24091    
   23.94493    
   29.17373    
   33.26171    
   36.80109    
   39.49693    
   41.22006    
   42.07975    
   41.61194    
   40.39638    
   39.07415    
   37.54528    
   35.94946    
   34.36130    
   32.83261    
   31.49420    
   30.31741    
   29.33500    
   28.65863    
   28.04757    
   27.19703    
   26.38219    
   26.69712    
   28.65801    
   30.48704    
   30.80560    
   30.09959    
   27.94155    
   24.26097    
   20.74729    
   17.50228    
   14.88145    
   13.46099    
   13.08381    
   13.44901    
   15.28844    
   18.60733    
   22.11016    
   26.31209    
  0.0000000E+00
  0.0000000E+00
  0.1448624    
  0.3950240    
  0.7275933    
  0.9882584    
   1.231194    
   1.412023    
   1.621665    
   1.948176    
   2.648347    
   3.870768    
   5.209203    
   6.779557    
   8.216486    
   9.094837    
   9.894928    
   11.20403    
   12.81823    
   13.40342    
   12.21786    
   10.12503    
   7.357548    
   4.262886    
   2.246610    
   1.628108    
   1.500074    
   1.441958    
   1.682403    
   2.772742    
   4.743628    
   6.994410    
   9.473331    
   11.54939    
   11.93817    
   11.13805    
   11.24062    
   12.83342    
   15.35512    
   19.14013    
   23.57146    
   27.45711    
   31.33916    
   33.04195    
   29.38790    
   23.83405    
   20.14037    
   17.67130    
   17.41499    
   20.87603    
   25.43671    
   28.89009    
   31.74878    
   33.97190    
   35.43985    
   36.35059    
   36.62090    
   36.40056    
   35.49221    
   33.69635    
   31.81486    
   30.35038    
   29.08346    
   27.96889    
   27.02277    
   26.31101    
   25.96634    
   25.73441    
   25.34383    
   24.99604    
   25.55898    
   27.48646    
   29.34229    
   29.94462    
   29.84052    
   29.20053    
   28.11639    
   26.09297    
   22.55620    
   19.26013    
   17.16254    
   16.09785    
   16.34938    
   17.74603    
   20.56008    
   23.58756    
   26.81611    
  0.0000000E+00
  0.0000000E+00
  4.9898658E-02
  0.1682404    
  0.2445827    
  0.2933483    
  0.3173866    
  0.4120632    
  0.9409531    
   1.801388    
   2.855927    
   4.251350    
   6.365426    
   9.474793    
   12.35701    
   13.98495    
   15.08498    
   16.10078    
   16.88850    
   16.42620    
   13.80614    
   10.42346    
   7.307452    
   4.408688    
   2.537727    
   2.020261    
   2.002153    
   2.029220    
   2.414785    
   4.002350    
   6.917493    
   10.02916    
   12.86038    
   15.21190    
   16.27295    
   16.30486    
   16.18847    
   15.93518    
   15.85377    
   16.51377    
   17.65660    
   19.44291    
   22.58528    
   24.29339    
   21.32979    
   16.80640    
   14.58541    
   14.26135    
   15.39956    
   18.53822    
   22.17507    
   24.78922    
   26.75186    
   28.28246    
   29.30467    
   30.18515    
   31.29109    
   32.25811    
   31.88050    
   29.80661    
   27.60059    
   26.26330    
   25.28849    
   24.43310    
   23.74045    
   23.31188    
   23.31419    
   23.47168    
   23.52953    
   23.63160    
   24.44574    
   26.35379    
   28.25373    
   29.20534    
   29.74712    
   30.45080    
   31.62033    
   31.11628    
   27.62436    
   23.97582    
   21.46192    
   19.77406    
   19.79249    
   20.74638    
   23.01623    
   25.56286    
   28.35224    
  1.6547245E-04
  4.9641728E-04
  4.6431638E-02
  0.1309215    
  0.1433205    
  0.1692239    
  0.1721195    
  0.4641646    
   1.345526    
   2.621643    
   3.844864    
   5.214294    
   8.036444    
   12.86386    
   17.41418    
   19.85613    
   21.20559    
   21.77337    
   21.46641    
   19.68452    
   15.42106    
   10.59380    
   7.066693    
   4.413496    
   2.760773    
   2.387383    
   2.514401    
   2.664576    
   3.210915    
   5.260157    
   9.061085    
   12.98106    
   16.12979    
   18.69798    
   20.25943    
   20.93275    
   20.63083    
   18.79195    
   16.48510    
   14.56459    
   12.96310    
   12.87749    
   15.24850    
   16.88392    
   14.57866    
   11.07329    
   10.14263    
   11.62943    
   13.98001    
   16.84106    
   19.68417    
   21.67270    
   23.02900    
   24.10549    
   24.86769    
   25.75817    
   27.37839    
   29.09631    
   29.16264    
   27.12848    
   24.91102    
   23.72092    
   22.95857    
   22.34793    
   21.93237    
   21.82036    
   22.21849    
   22.78021    
   23.16741    
   23.50198    
   24.29176    
   25.76616    
   27.42673    
   29.01414    
   30.69328    
   32.63987    
   35.23717    
   35.88546    
   32.97006    
   29.47495    
   26.73832    
   24.31157    
   23.69555    
   24.22733    
   25.88033    
   27.94440    
   30.29953    
  0.0000000E+00
  0.0000000E+00
  0.0000000E+00
  4.6182364E-02
  0.0000000E+00
  7.9045389E-03
  0.0000000E+00
  0.3901252    
   1.569815    
   3.205385    
   4.661102    
   6.078141    
   9.358237    
   15.25904    
   20.91545    
   24.08751    
   25.86314    
   26.32547    
   25.43000    
   22.88785    
   17.61145    
   11.87415    
   8.124216    
   5.705732    
   4.281854    
   4.089992    
   4.414026    
   4.779456    
   5.546557    
   7.859851    
   12.03980    
   16.27106    
   19.48351    
   22.02200    
   23.54166    
   24.09828    
   23.29286    
   20.34345    
   16.66256    
   13.26190    
   10.12664    
   8.892435    
   10.56001    
   12.15745    
   11.04951    
   9.226312    
   9.602469    
   12.22240    
   15.20308    
   17.68938    
   19.87444    
   21.60534    
   22.94733    
   24.04317    
   24.79619    
   25.58743    
   26.90598    
   28.29674    
   28.41951    
   26.90472    
   25.17037    
   24.05378    
   23.23321    
   22.72475    
   22.53483    
   22.70382    
   23.47117    
   24.36409    
   24.83465    
   25.03532    
   25.38418    
   25.87631    
   26.92228    
   29.41521    
   32.75251    
   35.86103    
   39.00720    
   40.10873    
   38.00663    
   34.99487    
   32.07552    
   28.93493    
   27.68092    
   27.68092    
   28.67583    
   30.15150    
   31.97996    
  4.7666981E-06
  1.4300094E-05
  0.0000000E+00
  3.4795914E-02
  0.0000000E+00
  7.9045380E-03
 -2.4835269E-09
  0.4322351    
   1.869489    
   3.869577    
   5.537312    
   7.356531    
   10.54255    
   15.55333    
   20.53229    
   24.22066    
   26.83952    
   27.84512    
   27.55649    
   25.69894    
   21.09725    
   15.77696    
   12.18622    
   9.772106    
   8.322975    
   8.088397    
   8.510672    
   9.184381    
   10.33557    
   12.63601    
   16.34003    
   20.03105    
   22.90527    
   25.08684    
   25.98518    
   25.58825    
   23.85101    
   20.44066    
   16.41048    
   12.65068    
   9.094730    
   7.429738    
   8.193979    
   9.394075    
   9.813342    
   10.03192    
   11.56814    
   14.54951    
   17.60128    
   19.65610    
   21.26028    
   22.86975    
   24.40644    
   25.66833    
   26.47063    
   27.10258    
   27.75967    
   28.28006    
   28.25674    
   27.47434    
   26.42814    
   25.38723    
   24.43173    
   23.94147    
   23.88658    
   24.27013    
   25.31098    
   26.37481    
   26.81592    
   26.77695    
   26.68624    
   26.31199    
   26.79779    
   30.10637    
   34.97986    
   39.24633    
   42.54787    
   44.42198    
   43.04780    
   40.49400    
   37.34250    
   33.53157    
   31.67138    
   31.09015    
   31.39524    
   32.22072    
   33.47361    
  7.2759576E-12
  0.0000000E+00
  7.2759576E-12
  3.4795914E-02
  0.0000000E+00
  7.9045370E-03
  0.0000000E+00
  0.5746861    
   2.233822    
   4.374261    
   6.465280    
   8.696749    
   11.56592    
   15.24232    
   19.13386    
   23.15739    
   26.63759    
   28.57086    
   29.07115    
   28.32029    
   24.77569    
   20.19642    
   16.90674    
   14.48640    
   12.98047    
   12.71627    
   13.21393    
   14.20880    
   15.69369    
   17.94716    
   21.10875    
   24.15275    
   26.61498    
   28.20543    
   28.50408    
   27.04383    
   24.28641    
   20.40764    
   16.06901    
   12.18763    
   8.450107    
   6.577585    
   6.660830    
   7.490098    
   8.974196    
   10.62087    
   13.34119    
   16.68501    
   19.67117    
   21.44109    
   22.65675    
   24.13427    
   25.74896    
   27.08879    
   27.91478    
   28.41298    
   28.61033    
   28.62233    
   28.38159    
   27.93126    
   27.21873    
   26.27305    
   25.46411    
   25.08990    
   25.18455    
   25.87349    
   27.26076    
   28.53712    
   29.08873    
   29.06676    
   28.78076    
   27.92105    
   27.85919    
   31.08963    
   36.15150    
   40.81831    
   44.21006    
   46.34143    
   46.70626    
   44.78132    
   41.78151    
   37.75269    
   35.52793    
   34.26638    
   33.86021    
   33.93794    
   34.51635    
  1.6547245E-04
  4.9641728E-04
  1.6547245E-04
  3.4795914E-02
  0.0000000E+00
  3.8767334E-02
  6.3744985E-02
  0.6823919    
   2.457622    
   4.823579    
   7.243453    
   9.828683    
   12.58906    
   15.51322    
   18.76848    
   22.93943    
   26.85684    
   29.41552    
   30.32562    
   30.29345    
   27.64173    
   23.80370    
   20.93081    
   18.73473    
   17.33766    
   17.12501    
   17.76291    
   19.09431    
   20.89323    
   23.21815    
   26.11888    
   28.71536    
   30.67474    
   31.59489    
   31.40911    
   29.25027    
   25.76859    
   21.53839    
   17.01027    
   12.63189    
   9.115323    
   7.545616    
   7.653512    
   8.437480    
   10.32047    
   12.80574    
   15.40722    
   18.23121    
   20.65274    
   22.27459    
   23.61159    
   25.30124    
   27.17317    
   28.76180    
   29.80029    
   30.36835    
   30.37732    
   30.21803    
   29.79459    
   29.18949    
   28.31815    
   27.38360    
   26.81477    
   26.70594    
   27.17713    
   28.40388    
   30.34092    
   31.98394    
   32.92522    
   33.20522    
   33.00984    
   31.95140    
   31.16290    
   33.09674    
   36.66450    
   40.45524    
   43.46434    
   45.72888    
   46.88887    
   46.76970    
   44.69739    
   41.37625    
   39.19965    
   37.54794    
   36.54840    
   36.09080    
   36.23655    
  0.1787120    
  0.1847212    
  0.1756630    
  0.2064250    
  0.1661744    
  0.1909831    
  0.1728880    
  0.8991247    
   2.645602    
   5.089500    
   7.724899    
   10.62168    
   13.58945    
   16.54720    
   19.74597    
   23.72809    
   27.36578    
   29.96475    
   30.87082    
   31.14034    
   29.38808    
   26.52109    
   24.30854    
   22.66441    
   21.60966    
   21.54483    
   22.40562    
   24.05114    
   26.08736    
   28.51036    
   31.33229    
   33.60627    
   34.89510    
   35.10665    
   34.47340    
   32.03543    
   28.25651    
   24.00022    
   19.66875    
   15.78050    
   13.10863    
   12.44190    
   13.30311    
   14.26789    
   15.47846    
   16.62841    
   17.91979    
   19.51017    
   20.94173    
   22.33983    
   24.10570    
   26.30558    
   28.56778    
   30.53157    
   31.93101    
   32.71202    
   32.66651    
   32.51976    
   31.99979    
   31.03624    
   29.79625    
   28.86916    
   28.58541    
   28.82332    
   29.81916    
   31.70002    
   34.34231    
   36.44850    
   37.87997    
   38.44452    
   38.39089    
   37.16606    
   35.52531    
   35.87628    
   37.71350    
   40.20194    
   42.54530    
   44.86261    
   46.74250    
   47.43417    
   46.67091    
   44.48495    
   42.58496    
   40.78593    
   39.34137    
   38.53572    
   38.43852    
  0.5413334    
  0.5555961    
  0.5145905    
  0.5252197    
  0.4464877    
  0.5190409    
  0.4442913    
   1.156941    
   2.738959    
   5.088940    
   7.843090    
   11.01037    
   14.42576    
   17.84489    
   21.26847    
   24.81662    
   27.77093    
   29.99311    
   30.97897    
   31.18320    
   30.31646    
   28.58562    
   27.24117    
   26.50753    
   26.02424    
   26.08916    
   27.24299    
   29.14754    
   31.34807    
   33.79311    
   36.48141    
   38.37601    
   38.87609    
   38.80507    
   37.57336    
   34.94471    
   31.00370    
   27.11165    
   23.48709    
   20.60003    
   19.00004    
   18.99061    
   20.40816    
   21.34640    
   21.58075    
   20.99216    
   20.70287    
   21.01167    
   21.41141    
   22.03987    
   24.01955    
   26.81607    
   29.50834    
   31.93143    
   33.83720    
   34.96991    
   34.85715    
   34.70750    
   34.32714    
   33.12879    
   31.60508    
   30.72796    
   30.59221    
   31.17812    
   32.87074    
   35.47330    
   39.01394    
   41.72877    
   43.84916    
   44.48970    
   44.51004    
   43.03631    
   40.44168    
   39.39642    
   40.18597    
   41.25279    
   42.47456    
   44.61517    
   47.09811    
   48.34417    
   48.06330    
   47.06094    
   45.51731    
   43.84464    
   42.05710    
   41.09641    
   40.98535    
   1.033001    
   1.052869    
   1.031469    
   1.083612    
   1.029817    
   1.051216    
   1.042743    
   1.876292    
   3.428984    
   5.778193    
   8.690881    
   12.11032    
   15.97097    
   19.76581    
   23.38786    
   26.75496    
   29.33753    
   31.13911    
   32.13741    
   32.34259    
   31.89315    
   30.74504    
   29.95856    
   29.95856    
   29.95856    
   30.14604    
   31.38826    
   33.24638    
   35.24815    
   37.29056    
   39.30278    
   40.55053    
   40.55053    
   40.55053    
   39.10326    
   36.47582    
   32.63315    
   29.44634    
   26.77716    
   24.76618    
   23.75373    
   23.75373    
   24.70202    
   24.82586    
   24.40795    
   23.10530    
   22.25650    
   22.25650    
   22.25650    
   22.30048    
   24.15990    
   27.18940    
   29.94120    
   32.50402    
   34.73988    
   36.18317    
   36.18317    
   36.18317    
   36.10886    
   35.17722    
   33.90334    
   33.47084    
   33.82602    
   34.94493    
   37.29291    
   40.54729    
   44.93829    
   48.10908    
   50.26101    
   50.74586    
   50.74586    
   48.93774    
   45.47347    
   43.39938    
   43.39938    
   43.39938    
   43.62331    
   45.36559    
   48.07245    
   49.51087    
   49.51087    
   49.21990    
   48.22409    
   46.92965    
   45.28159    
   44.46579    
   44.46579    
   1.741706    
   1.763031    
   1.792735    
   1.932115    
   1.947188    
   2.021931    
   2.042064    
   2.945885    
   4.607962    
   7.079364    
   10.24835    
   14.00765    
   18.33398    
   22.42130    
   26.20521    
   29.57867    
   32.05923    
   33.35480    
   34.21922    
   34.39891    
   33.90826    
   32.84738    
   32.27748    
   32.63331    
   32.95790    
   33.36006    
   34.53279    
   36.04388    
   37.54699    
   37.29056    
   39.30278    
   40.55053    
   40.54670    
   40.55053    
   39.10326    
   36.47582    
   32.90414    
   31.21596    
   29.20966    
   27.86518    
   27.20141    
   27.12678    
   27.85859    
   27.63806    
   26.61781    
   24.53003    
   23.11500    
   22.81738    
   22.55228    
   22.56352    
   24.43480    
   27.56521    
   30.42314    
   33.10509    
   35.44857    
   37.06708    
   37.42279    
   37.66277    
   37.83858    
   37.29190    
   36.44070    
   36.51814    
   37.38453    
   39.11284    
   42.17280    
   46.06437    
   51.08361    
   54.61919    
   56.38317    
   56.83850    
   56.74871    
   54.19072    
   49.69271    
   46.60505    
   45.48581    
   44.63361    
   44.34709    
   45.66072    
   48.07245    
   49.51087    
   50.57059    
   50.87260    
   50.50949    
   49.82069    
   48.68808    
   48.26806    
   48.50390    
   2.539936    
   2.584370    
   2.737159    
   3.039482    
   3.193309    
   3.374733    
   3.458054    
   4.472723    
   6.286072    
   8.917962    
   12.42475    
   16.63610    
   21.56441    
   26.09212    
   30.17694    
   33.70508    
   36.07082    
   36.51799    
   36.78223    
   36.97224    
   36.06073    
   34.65077    
   34.00307    
   34.43832    
   34.95131    
   35.65887    
   36.61266    
   37.58178    
   37.64729    
   37.29056    
   39.05256    
   39.15820    
   38.94939    
   39.01647    
   38.12597    
   36.47582    
   32.90414    
   31.86125    
   31.03510    
   30.16852    
   29.49635    
   29.08981    
   29.14626    
   28.23838    
   26.70018    
   24.22533    
   22.67253    
   22.46911    
   22.27102    
   22.76086    
   24.67492    
   27.64780    
   30.38803    
   32.98021    
   35.22898    
   36.94162    
   37.93587    
   38.61609    
   39.06707    
   39.18037    
   39.04603    
   39.88494    
   41.57197    
   44.04685    
   47.74065    
   52.21225    
   57.70696    
   61.43313    
   62.10604    
   62.57925    
   62.52000    
   59.22142    
   53.82914    
   49.88300    
   47.33985    
   45.67464    
   45.05106    
   45.66072    
   48.07245    
   49.51087    
   50.99961    
   52.09090    
   52.50972    
   52.65178    
   52.48148    
   52.74794    
   53.34990    
   4.131113    
   4.131113    
   4.325115    
   4.765354    
   5.049251    
   5.364826    
   5.591638    
   6.738424    
   8.689491    
   11.41940    
   15.20869    
   19.82210    
   25.30086    
   30.29467    
   34.76630    
   38.59376    
   41.01174    
   41.01174    
   41.01174    
   40.83985    
   39.37587    
   37.32580    
   36.20925    
   36.20925    
   36.51426    
   36.96337    
   37.37914    
   37.64729    
   37.64729    
   37.28533    
   36.39503    
   35.90903    
   35.59911    
   35.72763    
   35.22221    
   34.35433    
   32.90414    
   31.86125    
   31.03510    
   30.51100    
   30.03863    
   29.60590    
   29.42430    
   28.40067    
   26.88051    
   24.58985    
   23.27033    
   23.27033    
   23.27033    
   24.15052    
   26.01947    
   28.71475    
   31.21120    
   33.56004    
   35.61568    
   37.31509    
   38.63352    
   39.60518    
   40.34327    
   40.99673    
   41.48334    
   42.94485    
   45.23552    
   48.25238    
   52.29250    
   56.93624    
   62.41482    
   65.88916    
   65.88916    
   65.88916    
   65.25775    
   61.33104    
   55.37122    
   50.84756    
   47.45238    
   45.67464    
   45.05106    
   45.66072    
   47.72087    
   49.43701    
   50.99961    
   52.09090    
   53.19730    
   54.15138    
   54.86696    
   55.73261    
   56.64322    
   6.303193    
   6.233521    
   6.439657    
   7.027716    
   7.460758    
   7.950372    
   8.392826    
   9.697426    
   11.78068    
   14.56286    
   18.58741    
   23.55406    
   29.52526    
   34.98768    
   39.89306    
   44.11512    
   46.67882    
   46.48402    
   46.34259    
   45.54919    
   43.38307    
   40.42917    
   38.52380    
   37.68431    
   37.47411    
   36.96337    
   36.97083    
   36.46406    
   35.60995    
   34.39006    
   32.58915    
   31.55883    
   31.09588    
   31.26527    
   31.08426    
   30.76039    
   30.06767    
   29.63012    
   29.29629    
   29.15595    
   28.96097    
   28.71276    
   28.58928    
   27.85286    
   26.80325    
   25.21939    
   24.49318    
   24.84378    
   25.28022    
   26.42164    
   28.15381    
   30.40615    
   32.50580    
   34.46312    
   36.21573    
   37.79678    
   39.24679    
   40.43743    
   41.46037    
   42.57987    
   43.61850    
   45.58750    
   48.31863    
   51.68467    
   55.79070    
   60.26105    
   64.73648    
   65.88916    
   65.88916    
   65.88916    
   65.25775    
   60.95518    
   54.74350    
   49.92941    
   46.11134    
   44.13376    
   43.36838    
   43.74377    
   45.52863    
   47.32249    
   49.30000    
   50.96693    
   52.79028    
   54.15138    
   54.86696    
   56.79136    
   58.28765    
<EndGridData2D>
<BeginXX>
  -2.592510    
  -2.578901    
  -2.565260    
  -2.551620    
  -2.537980    
  -2.524340    
  -2.510700    
  -2.497059    
  -2.483450    
  -2.469810    
  -2.456169    
  -2.442529    
  -2.428889    
  -2.415249    
  -2.401608    
  -2.387968    
  -2.374328    
  -2.360688    
  -2.347078    
  -2.333438    
  -2.319798    
  -2.306158    
  -2.292517    
  -2.278877    
  -2.265237    
  -2.251597    
  -2.237957    
  -2.224317    
  -2.210676    
  -2.197036    
  -2.183396    
  -2.169756    
  -2.156116    
  -2.142475    
  -2.128835    
  -2.115195    
  -2.101555    
  -2.087915    
  -2.074274    
  -2.060634    
  -2.046994    
  -2.033354    
  -2.019714    
  -2.006073    
  -1.992433    
  -1.978793    
  -1.965153    
  -1.951513    
  -1.937872    
  -1.924232    
  -1.910592    
  -1.896952    
  -1.883281    
  -1.869641    
  -1.856001    
  -1.842361    
  -1.828720    
  -1.815080    
  -1.801440    
  -1.787800    
  -1.774160    
  -1.760519    
  -1.746879    
  -1.733209    
  -1.719568    
  -1.705928    
  -1.692288    
  -1.678648    
  -1.665007    
  -1.651367    
  -1.637727    
  -1.624056    
  -1.610416    
  -1.596776    
  -1.583136    
  -1.569496    
  -1.555855    
  -1.542215    
  -1.528545    
  -1.514904    
  -1.501264    
  -1.487624    
  -1.473984    
  -1.460344    
  -1.446673    
  -1.433033    
  -1.419392    
  -1.405752    
<EndXX>
<BeginYY>
   46.95559    
   46.96490    
   46.97421    
   46.98351    
   46.99282    
   47.00212    
   47.01143    
   47.02074    
   47.03005    
   47.03935    
   47.04866    
   47.05796    
   47.06727    
   47.07658    
   47.08589    
   47.09519    
   47.10450    
   47.11380    
   47.12311    
   47.13242    
   47.14173    
   47.15103    
   47.16033    
   47.16964    
   47.17895    
   47.18825    
   47.19756    
   47.20687    
   47.21617    
   47.22548    
   47.23478    
   47.24409    
   47.25339    
   47.26270    
   47.27201    
   47.28131    
   47.29062    
   47.29992    
   47.30923    
   47.31853    
   47.32784    
   47.33715    
   47.34645    
   47.35575    
   47.36506    
   47.37436    
   47.38366    
   47.39297    
   47.40228    
   47.41158    
   47.42089    
   47.43019    
   47.43950    
   47.44880    
   47.45811    
   47.46741    
   47.47672    
   47.48602    
   47.49533    
   47.50463    
   47.51394    
   47.52324    
   47.53254    
   47.53719    
<EndYY>
